0 0
0.03 0
0.06 0
0.09 0
0.12 0
0.15 0
0.18 0
0.21 0
0.24 0
0.27 0
0.3 0
0.33 0
0.36 0
0.39 0
0.42 0
0.45 0
0.48 0
0.51 0
0.54 0
0.57 0
0.6 0
0.63 0
0.66 0
0.69 0
0.72 0
0.75 0
0.78 0
0.81 0
0.84 0
0.87 0
0.9 2.99456
0.93 31.1629
0.96 66.5936
0.99 48.2803
1.02 15.5641
1.05 1.21576
1.08 0
1.11 0
1.14 0
1.17 0
1.2 0
1.23 0
1.26 0
1.29 0
1.32 0
1.35 0
1.38 0
1.41 0
1.44 0.355299
1.47 0.511634
1.5 0
1.53 0.630225
1.56 0.404297
1.59 0.535321
1.62 1.87585
1.65 2.39674
1.68 3.97078
1.71 1.51669
1.74 2.23863
1.77 3.06897
1.8 2.9303
1.83 2.24653
1.86 1.49769
1.89 1.72725
1.92 2.10938
1.95 1.36364
1.98 1.63793
2.01 0.947738
2.04 1.42493
2.07 0.980492
2.1 0.868797
2.13 0.762924
2.16 0.689021
2.19 0.644616
2.22 0.702718
2.25 0.43986
2.28 0.309426
2.31 0.510218
2.34 0.565115
2.37 0.418751
2.4 0.730842
2.43 0.587191
2.46 0.491179
2.49 0.41955
2.52 0.565746
2.55 0.400151
2.58 0.744672
2.61 0.363874
2.64 0.69361
2.67 0.730367
2.7 0.74833
2.73 1.21456
2.76 0.79772
2.79 1.5615
2.82 0.95149
2.85 1.26768
2.88 1.58559
2.91 1.97817
2.94 2.46942
2.97 2.06828
3 2.89618
3.03 1.78476
3.06 2.08157
3.09 2.91277
3.12 3.07414
3.15 2.56559
3.18 3.35276
3.21 2.71209
3.24 2.62683
3.27 2.30026
3.3 2.92048
3.33 3.31651
3.36 2.80656
3.39 2.66001
3.42 2.30562
3.45 2.49559
3.48 2.88399
3.51 2.371
3.54 2.81722
3.57 2.13623
3.6 2.1297
3.63 1.87776
3.66 2.09786
3.69 1.76264
3.72 1.86924
3.75 2.13142
3.78 1.8106
3.81 1.7309
3.84 2.34519
3.87 2.12638
3.9 2.42109
3.93 2.28774
3.96 2.12639
3.99 1.99305
4.02 1.74792
4.05 1.50978
4.08 2.48954
4.11 1.87878
4.14 1.60484
4.17 1.75371
4.2 1.85585
4.23 1.96886
4.26 1.59833
4.29 1.50172
4.32 1.60776
4.35 1.86867
4.38 1.68099
4.41 1.21009
4.44 1.97712
4.47 1.80118
4.5 1.69737
4.53 1.89959
4.56 1.78491
4.59 1.73809
4.62 1.71566
4.65 1.62453
4.68 1.84271
4.71 1.74639
4.74 1.41391
4.77 1.93283
4.8 1.65467
4.83 1.51141
4.86 1.95708
4.89 2.09996
4.92 1.74505
4.95 1.85117
4.98 2.34152
5.01 1.92638
5.04 1.97227
5.07 1.84725
5.1 1.63398
5.13 1.67181
5.16 1.98485
5.19 1.87875
5.22 1.98079
5.25 1.90401
5.28 1.90932
5.31 1.86134
5.34 1.6613
5.37 1.90656
5.4 1.68882
5.43 1.80135
5.46 1.82348
5.49 1.76229
5.52 1.62866
5.55 1.95524
5.58 1.92632
5.61 1.97319
5.64 1.93662
5.67 2.02097
5.7 1.98062
5.73 1.73968
5.76 1.763
5.79 1.93456
5.82 1.73061
5.85 1.85874
5.88 1.54404
5.91 1.832
5.94 1.91964
5.97 1.91094
