0 534901
0.03 0
0.06 0
0.09 0
0.12 0
0.15 0
0.18 0
0.21 0
0.24 0
0.27 0
0.3 0
0.33 0
0.36 0
0.39 0
0.42 0
0.45 0
0.48 0
0.51 0
0.54 0
0.57 0
0.6 0
0.63 0
0.66 0
0.69 0
0.72 0
0.75 0
0.78 0
0.81 0
0.84 0
0.87 0
0.9 0
0.93 0
0.96 0
0.99 0
1.02 0
1.05 0
1.08 0
1.11 0
1.14 0
1.17 0
1.2 0
1.23 0
1.26 0
1.29 0
1.32 0
1.35 0
1.38 0
1.41 0
1.44 0
1.47 0
1.5 0
1.53 0
1.56 0
1.59 0
1.62 0
1.65 0
1.68 0
1.71 0
1.74 0
1.77 0
1.8 0
1.83 0
1.86 0
1.89 0
1.92 0
1.95 0
1.98 0
2.01 0
2.04 0
2.07 0
2.1 0
2.13 0
2.16 0
2.19 0
2.22 0
2.25 0
2.28 0
2.31 0
2.34 0
2.37 0
2.4 0
2.43 0.167769
2.46 0.24559
2.49 0.799142
2.52 0.39017
2.55 2.21036
2.58 3.42549
2.61 2.54712
2.64 4.55293
2.67 7.92969
2.7 4.42195
2.73 5.65685
2.76 7.42368
2.79 3.37793
2.82 3.99314
2.85 5.254
2.88 1.49583
2.91 2.69617
2.94 1.72285
2.97 3.93958
3 4.85455
3.03 2.81235
3.06 1.85618
3.09 3.38089
3.12 1.42864
3.15 1.30157
3.18 0.982494
3.21 1.9286
3.24 0.946607
3.27 1.02234
3.3 1.64277
3.33 1.34453
3.36 1.62891
3.39 1.51383
3.42 0.849999
3.45 0.835344
3.48 0.903172
3.51 1.13001
3.54 0.99198
3.57 1.75581
3.6 1.8419
3.63 1.43427
3.66 0.965386
3.69 1.75351
3.72 1.86924
3.75 1.73344
3.78 2.36771
3.81 1.23391
3.84 1.85591
3.87 1.66123
3.9 2.91185
3.93 1.67553
3.96 1.90423
3.99 1.34433
4.02 1.72482
4.05 1.66911
4.08 2.12321
4.11 1.50302
4.14 2.78851
4.17 3.20679
4.2 1.97581
4.23 2.19844
4.26 2.0305
4.29 1.92112
4.32 2.42832
4.35 3.05304
4.38 2.2067
4.41 2.30494
4.44 2.274
4.47 2.39326
4.5 1.37758
4.53 2.64607
4.56 2.15627
4.59 1.82085
4.62 2.28755
4.65 1.61301
4.68 2.1157
4.71 2.336
4.74 2.55059
4.77 1.55503
4.8 1.77364
4.83 1.83719
4.86 2.57427
4.89 1.27144
4.92 2.07965
4.95 1.30192
4.98 1.7687
5.01 2.28386
5.04 2.00171
5.07 1.8618
5.1 1.45669
5.13 2.46273
5.16 2.00358
5.19 1.72141
5.22 1.20769
5.25 1.08542
5.28 2.1642
5.31 1.00804
5.34 1.48643
5.37 1.4872
5.4 1.41947
5.43 1.21781
5.46 1.2045
5.49 1.40653
5.52 1.55501
5.55 1.60306
5.58 1.31358
5.61 1.85432
5.64 1.80333
5.67 2.07916
5.7 2.22628
5.73 2.05115
5.76 2.33062
5.79 1.53277
5.82 2.23875
5.85 2.65326
5.88 1.83265
5.91 1.52845
5.94 2.16357
5.97 1.60995
