num of H	 index of O	 position of O	
snapshot :119870
2    0    1.00323    10.2302    0.380209
2    1    3.35462    7.43661    27.6424
2    2    3.20649    2.6936    35.5665
2    3    8.42066    1.33438    30.3439
2    4    9.36594    5.46678    42.2993
2    5    6.48529    9.85025    45.8866
2    6    9.77044    0.928199    48.9641
2    7    3.5637    10.8465    33.0234
2    8    10.3273    2.71477    1.0762
2    9    0.378407    11.002    26.7872
2    10    11.6305    4.52633    38.7202
2    11    8.69562    10.1821    42.9336
2    12    0.46295    8.25446    27.4835
2    13    11.9697    10.8901    47.5823
2    14    11.728    1.80857    42.1615
2    15    11.5586    4.25373    43.2857
2    16    5.51238    10.6737    34.5708
2    17    2.30525    8.04365    33.2377
2    18    3.13481    7.24362    46.9289
2    19    6.04882    9.67647    30.1086
2    20    5.48986    1.67214    42.6616
2    21    3.76046    4.76688    31.7774
2    22    10.8418    9.50826    29.4654
2    23    3.66126    4.6572    46.5888
2    24    1.35942    0.0650564    42.2043
2    25    4.02924    3.32554    49.0024
2    26    11.6925    0.619254    44.5837
2    27    2.84846    5.65134    37.9122
2    28    0.38322    11.0457    30.7915
2    29    2.23677    4.5486    27.9105
2    30    5.27713    5.02174    36.9144
2    31    6.15448    0.91686    38.0748
2    32    9.02475    5.90372    39.6753
2    33    7.93402    1.69114    34.6929
2    34    6.02904    5.46897    30.5783
2    35    2.17698    4.20331    42.543
2    36    10.8656    2.46426    35.3171
2    37    3.73635    12.2871    38.4341
2    38    7.1211    5.95197    47.5358
2    39    0.189917    2.01928    47.0908
2    40    10.6269    4.7529    30.947
2    41    5.45899    7.34881    35.7441
2    42    5.70447    5.35583    40.1264
2    43    8.83471    10.4174    40.2266
2    44    8.12729    12.0075    36.5299
2    45    9.40341    7.01518    31.836
2    46    0.234567    10.2934    39.1123
2    47    9.53475    0.580133    32.8708
2    48    9.80068    0.985298    40.0635
2    49    2.47756    2.04085    28.3693
2    50    1.70277    9.98919    41.4309
2    51    2.52567    1.55531    39.9044
2    52    9.72378    3.28425    44.8522
2    53    5.13509    1.80639    27.7743
2    54    0.261963    5.45147    36.3259
2    55    0.973186    0.805246    37.8788
2    56    3.12719    9.28874    35.6726
2    57    11.5731    10.2166    34.1969
2    58    5.34128    1.00777    34.3258
2    59    11.1847    5.07544    34.0386
2    60    5.38503    5.3791    0.599961
2    61    7.15839    3.24641    39.0673
2    62    2.2993    8.67819    38.0739
2    63    9.05753    8.73489    35.944
2    64    7.04137    12.1104    26.0461
2    65    11.3729    6.25357    28.7853
2    66    5.70953    7.55071    38.5664
2    67    9.70564    12.1761    28.594
2    68    3.50841    11.7492    49.6833
2    69    8.82075    10.5162    49.016
2    70    11.2863    7.67568    36.6644
2    71    3.28409    5.29593    34.3575
2    72    2.96007    1.60693    43.8147
2    73    8.29177    10.4464    33.4218
2    74    4.61643    10.7912    25.4945
2    75    11.1236    8.13066    39.619
2    76    7.17844    3.91235    27.4713
2    77    2.17699    6.71521    44.0301
2    78    5.85566    10.3018    48.5174
2    79    0.972044    1.69253    34.4937
2    80    5.32702    7.72035    48.7227
2    81    12.1207    2.04342    31.324
2    82    8.68277    3.72801    36.2768
2    83    0.158264    8.88642    43.6087
2    84    8.53879    6.22372    35.16
2    85    6.76824    5.84116    43.2184
2    86    7.08468    6.31696    33.1793
2    87    11.7518    7.70844    32.9607
2    88    10.9112    1.97224    37.8376
2    89    5.77753    6.37895    27.8066
2    90    5.57746    1.02577    48.2903
2    91    8.92611    5.97295    45.4686
2    92    10.6314    8.52009    47.8299
2    93    10.3469    8.09732    42.4482
2    94    2.67472    11.7886    35.9178
2    95    5.35732    8.42954    32.9321
2    96    4.26768    9.86151    28.1809
2    97    2.19713    6.5046    29.9065
2    98    5.27407    11.7371    44.594
2    99    1.06778    11.7752    33.2825
2    100    8.12017    3.97349    30.061
2    101    9.02279    9.37855    45.627
2    102    4.83282    7.51784    42.844
2    103    6.14271    3.71278    33.3045
2    104    0.138116    0.698836    28.7976
2    105    8.61859    1.85619    26.4656
2    106    4.73851    4.12075    44.1855
2    107    7.84343    1.20495    46.6425
2    108    3.3751    4.03388    40.0503
2    109    11.8522    6.93704    45.815
2    110    3.89192    9.64951    39.9208
2    111    8.57094    9.53075    31.0098
2    112    2.395    2.41747    31.2642
2    113    12.1227    5.90436    41.1154
2    114    4.39333    0.90643    31.909
2    115    9.33039    11.8617    45.0554
2    116    0.724623    2.77536    0.738931
2    117    8.42905    3.27366    49.0066
2    118    8.44743    2.84433    42.1194
2    119    0.436116    6.68134    48.1211
2    120    2.80056    9.68159    30.635
2    121    5.7752    9.94037    42.4431
2    122    6.08872    0.22125    30.0647
2    123    8.08203    8.37129    38.5694
2    124    6.29803    12.1076    40.6285
2    125    3.18149    11.4935    46.4843
2    126    0.830026    10.9643    45.1709
2    127    3.01345    1.71656    46.694
snapshot :119875
2    0    1.00112    10.229    0.379747
2    1    3.35356    7.43756    27.6413
2    2    3.20605    2.69345    35.5665
2    3    8.42033    1.33311    30.3444
2    4    9.36411    5.46772    42.2988
2    5    6.48682    9.85051    45.8876
2    6    9.77093    0.928679    48.964
2    7    3.56454    10.8473    33.0231
2    8    10.3279    2.7156    1.07564
2    9    0.378996    11.0015    26.7879
2    10    11.6312    4.52621    38.7219
2    11    8.69472    10.1834    42.9323
2    12    0.462291    8.25596    27.4835
2    13    11.9696    10.891    47.5814
2    14    11.7296    1.80888    42.1616
2    15    11.5593    4.25331    43.2873
2    16    5.51164    10.6738    34.5704
2    17    2.30513    8.04436    33.2378
2    18    3.13452    7.24384    46.9276
2    19    6.04872    9.67643    30.1076
2    20    5.48915    1.67147    42.66
2    21    3.75963    4.76789    31.7776
2    22    10.8417    9.50796    29.4649
2    23    3.66136    4.65904    46.5883
2    24    1.35952    0.0647986    42.204
2    25    4.02957    3.32594    49.002
2    26    11.6936    0.619589    44.5843
2    27    2.84783    5.65084    37.9119
2    28    0.383733    11.0467    30.7903
2    29    2.23543    4.54849    27.9086
2    30    5.27749    5.02149    36.916
2    31    6.15425    0.915689    38.0761
2    32    9.02519    5.9049    39.6756
2    33    7.9348    1.69094    34.6931
2    34    6.02872    5.46849    30.5799
2    35    2.17608    4.20434    42.5431
2    36    10.8664    2.46429    35.3155
2    37    3.73764    12.2872    38.4339
2    38    7.12163    5.95103    47.5359
2    39    0.190521    2.01982    47.0902
2    40    10.6263    4.75484    30.9465
2    41    5.45938    7.34936    35.7451
2    42    5.70557    5.35664    40.1265
2    43    8.83553    10.4198    40.228
2    44    8.12667    12.0081    36.5297
2    45    9.40371    7.01662    31.8359
2    46    0.234856    10.2935    39.1138
2    47    9.53563    0.578823    32.8721
2    48    9.80145    0.98514    40.063
2    49    2.47771    2.03935    28.3694
2    50    1.70231    9.98848    41.4299
2    51    2.52671    1.55646    39.9046
2    52    9.72272    3.28457    44.851
2    53    5.13575    1.80686    27.7753
2    54    0.26059    5.45135    36.3254
2    55    0.973785    0.803852    37.8807
2    56    3.12615    9.28759    35.672
2    57    11.5714    10.2154    34.1956
2    58    5.34073    1.00698    34.3262
2    59    11.1858    5.07615    34.0401
2    60    5.38678    5.37816    0.596935
2    61    7.15753    3.2464    39.0665
2    62    2.29896    8.6773    38.0743
2    63    9.05492    8.73471    35.9439
2    64    7.04105    12.11    26.044
2    65    11.3727    6.25159    28.7846
2    66    5.70945    7.54946    38.5679
2    67    9.70651    12.1753    28.5947
2    68    3.50727    11.7489    49.6819
2    69    8.81989    10.5163    49.0141
2    70    11.2868    7.67568    36.6648
2    71    3.28551    5.29619    34.3582
2    72    2.96198    1.60587    43.8147
2    73    8.29003    10.4457    33.4209
2    74    4.61623    10.7909    25.4952
2    75    11.1234    8.13155    39.6191
2    76    7.17855    3.91095    27.4717
2    77    2.17975    6.71364    44.0315
2    78    5.85483    10.3014    48.517
2    79    0.972465    1.69263    34.4937
2    80    5.32662    7.71995    48.7219
2    81    12.1208    2.04323    31.3238
2    82    8.68397    3.72774    36.2776
2    83    0.158166    8.88554    43.6071
2    84    8.53754    6.22479    35.1609
2    85    6.76845    5.84352    43.2183
2    86    7.08378    6.31785    33.1788
2    87    11.7531    7.70989    32.9618
2    88    10.9117    1.97301    37.8376
2    89    5.77762    6.38098    27.8065
2    90    5.57775    1.02529    48.2908
2    91    8.92639    5.97229    45.4687
2    92    10.632    8.51856    47.831
2    93    10.3489    8.09676    42.4468
2    94    2.67248    11.7899    35.9187
2    95    5.3574    8.43074    32.933
2    96    4.27063    9.86144    28.1823
2    97    2.19942    6.50412    29.9057
2    98    5.27397    11.7356    44.5937
2    99    1.06874    11.7755    33.2849
2    100    8.12148    3.97366    30.0593
2    101    9.02198    9.37909    45.6252
2    102    4.83318    7.51706    42.8435
2    103    6.14074    3.71281    33.3031
2    104    0.138527    0.698887    28.7989
2    105    8.61895    1.85591    26.4663
2    106    4.73935    4.12231    44.1851
2    107    7.84378    1.20527    46.6431
2    108    3.37526    4.03478    40.0516
2    109    11.8523    6.93399    45.8166
2    110    3.89183    9.65285    39.9212
2    111    8.57033    9.52982    31.0105
2    112    2.39399    2.41786    31.2644
2    113    12.1212    5.90573    41.1159
2    114    4.39377    0.903098    31.9077
2    115    9.33082    11.8619    45.0555
2    116    0.724554    2.77415    0.739248
2    117    8.42792    3.2733    49.0071
2    118    8.44727    2.84518    42.1187
2    119    0.4355    6.68049    48.1214
2    120    2.79973    9.6806    30.6361
2    121    5.77539    9.94178    42.4433
2    122    6.08616    0.221886    30.0646
2    123    8.08123    8.36895    38.5702
2    124    6.29744    12.1072    40.6303
2    125    3.18063    11.4934    46.4856
2    126    0.829048    10.9656    45.1707
2    127    3.01226    1.71597    46.6954
snapshot :119880
2    0    0.999025    10.2278    0.379299
2    1    3.35251    7.43843    27.6402
2    2    3.20565    2.69329    35.5665
2    3    8.41996    1.33187    30.345
2    4    9.36224    5.46869    42.2984
2    5    6.48833    9.8507    45.8887
2    6    9.77148    0.929123    48.9639
2    7    3.56532    10.8482    33.0228
2    8    10.3285    2.71645    1.07511
2    9    0.379603    11.001    26.7886
2    10    11.6319    4.52608    38.7235
2    11    8.6938    10.1847    42.931
2    12    0.461655    8.25748    27.4835
2    13    11.9695    10.8919    47.5806
2    14    11.7312    1.80917    42.1617
2    15    11.5601    4.25283    43.2888
2    16    5.51085    10.6739    34.5701
2    17    2.305    8.0451    33.2378
2    18    3.13418    7.24405    46.9263
2    19    6.04858    9.67634    30.1066
2    20    5.48846    1.67075    42.6584
2    21    3.75883    4.76891    31.7778
2    22    10.8415    9.50763    29.4643
2    23    3.66147    4.66092    46.5879
2    24    1.35962    0.0645232    42.2037
2    25    4.0299    3.32634    49.0017
2    26    11.6946    0.619905    44.5849
2    27    2.84717    5.65034    37.9115
2    28    0.384231    11.0477    30.789
2    29    2.23412    4.54836    27.9066
2    30    5.27787    5.02122    36.9176
2    31    6.15403    0.914458    38.0774
2    32    9.02564    5.90606    39.6759
2    33    7.93561    1.69074    34.6932
2    34    6.02838    5.46798    30.5814
2    35    2.17517    4.20536    42.5433
2    36    10.8673    2.46429    35.3139
2    37    3.73884    12.2873    38.4337
2    38    7.12216    5.95007    47.5361
2    39    0.19109    2.02036    47.0896
2    40    10.6258    4.75676    30.946
2    41    5.45981    7.34994    35.7462
2    42    5.70667    5.35747    40.1265
2    43    8.83632    10.4222    40.2293
2    44    8.12606    12.0087    36.5294
2    45    9.404    7.01812    31.8357
2    46    0.235149    10.2936    39.1153
2    47    9.53652    0.577495    32.8735
2    48    9.80223    0.985004    40.0625
2    49    2.47787    2.03783    28.3696
2    50    1.7019    9.98777    41.4288
2    51    2.52775    1.5576    39.9049
2    52    9.72163    3.28489    44.8498
2    53    5.13641    1.80732    27.7763
2    54    0.259199    5.45121    36.3248
2    55    0.974324    0.802388    37.8825
2    56    3.12513    9.28646    35.6713
2    57    11.5697    10.2143    34.1942
2    58    5.34017    1.00624    34.3267
2    59    11.1867    5.07679    34.0418
2    60    5.38853    5.37721    0.593891
2    61    7.15664    3.24636    39.0657
2    62    2.29862    8.67635    38.0747
2    63    9.05231    8.73451    35.9438
2    64    7.04069    12.1094    26.0419
2    65    11.3724    6.2496    28.7839
2    66    5.70935    7.54825    38.5695
2    67    9.70735    12.1746    28.5954
2    68    3.50613    11.7487    49.6805
2    69    8.81905    10.5164    49.0121
2    70    11.2874    7.67565    36.6652
2    71    3.28694    5.29647    34.3589
2    72    2.96389    1.60483    43.8146
2    73    8.28827    10.445    33.4199
2    74    4.616    10.7906    25.4959
2    75    11.1232    8.13246    39.6191
2    76    7.17868    3.90956    27.4721
2    77    2.18254    6.71206    44.0329
2    78    5.85403    10.301    48.5167
2    79    0.972894    1.69268    34.4937
2    80    5.32625    7.71955    48.721
2    81    12.1208    2.04305    31.3235
2    82    8.68514    3.72745    36.2784
2    83    0.158069    8.88464    43.6055
2    84    8.53626    6.22587    35.1619
2    85    6.76869    5.84589    43.2182
2    86    7.08286    6.31876    33.1782
2    87    11.7544    7.71135    32.9631
2    88    10.9122    1.97377    37.8376
2    89    5.7777    6.38302    27.8065
2    90    5.57802    1.02481    48.2914
2    91    8.92663    5.97171    45.4687
2    92    10.6325    8.51708    47.832
2    93    10.3508    8.0962    42.4455
2    94    2.67023    11.7913    35.9196
2    95    5.3575    8.4319    32.9339
2    96    4.27358    9.86138    28.1836
2    97    2.20171    6.50359    29.905
2    98    5.27388    11.734    44.5933
2    99    1.06971    11.7758    33.2873
2    100    8.12279    3.97386    30.0575
2    101    9.02124    9.37955    45.6235
2    102    4.83358    7.51624    42.8429
2    103    6.13875    3.71278    33.3017
2    104    0.138964    0.69894    28.8002
2    105    8.61923    1.85558    26.467
2    106    4.74022    4.12388    44.1848
2    107    7.84413    1.20557    46.6437
2    108    3.37541    4.03567    40.0529
2    109    11.8524    6.93089    45.818
2    110    3.89174    9.65619    39.9216
2    111    8.56978    9.52895    31.0111
2    112    2.39296    2.41828    31.2645
2    113    12.1196    5.90714    41.1164
2    114    4.39422    0.899747    31.9064
2    115    9.3313    11.8621    45.0555
2    116    0.724433    2.7729    0.739556
2    117    8.42677    3.27296    49.0076
2    118    8.44714    2.84592    42.118
2    119    0.434855    6.67963    48.1217
2    120    2.7989    9.67957    30.6372
2    121    5.77558    9.94317    42.4434
2    122    6.08354    0.222578    30.0645
2    123    8.08044    8.36665    38.5709
2    124    6.29686    12.1068    40.6321
2    125    3.17974    11.4934    46.4868
2    126    0.828081    10.9668    45.1706
2    127    3.01103    1.71535    46.6967
snapshot :119885
2    0    0.996957    10.2266    0.378866
2    1    3.35146    7.43924    27.6392
2    2    3.2053    2.69313    35.5664
2    3    8.41955    1.33067    30.3456
2    4    9.36033    5.46969    42.2979
2    5    6.48983    9.85078    45.8898
2    6    9.77209    0.929527    48.9639
2    7    3.56603    10.8491    33.0225
2    8    10.3291    2.71731    1.0746
2    9    0.380229    11.0004    26.7894
2    10    11.6325    4.52593    38.7252
2    11    8.69287    10.1859    42.9296
2    12    0.461043    8.25901    27.4835
2    13    11.9694    10.8929    47.5797
2    14    11.7327    1.80944    42.1618
2    15    11.561    4.25229    43.2904
2    16    5.50999    10.674    34.5697
2    17    2.30485    8.04589    33.2379
2    18    3.13379    7.24426    46.9249
2    19    6.04841    9.6762    30.1057
2    20    5.48779    1.66999    42.6567
2    21    3.75806    4.76995    31.7779
2    22    10.8414    9.50729    29.4637
2    23    3.66158    4.66286    46.5874
2    24    1.35973    0.0642297    42.2034
2    25    4.03023    3.32673    49.0014
2    26    11.6956    0.620195    44.5854
2    27    2.84648    5.64985    37.9112
2    28    0.384711    11.0487    30.7877
2    29    2.23282    4.54823    27.9045
2    30    5.27826    5.02093    36.9193
2    31    6.15383    0.913165    38.0787
2    32    9.02611    5.90722    39.6761
2    33    7.93645    1.69051    34.6933
2    34    6.02799    5.46744    30.583
2    35    2.17425    4.20636    42.5435
2    36    10.8682    2.46425    35.3123
2    37    3.73995    12.2874    38.4336
2    38    7.12268    5.9491    47.5363
2    39    0.191625    2.02089    47.0891
2    40    10.6253    4.75866    30.9454
2    41    5.46029    7.35055    35.7472
2    42    5.70779    5.35835    40.1266
2    43    8.8371    10.4246    40.2307
2    44    8.12543    12.0094    36.5291
2    45    9.40426    7.01969    31.8356
2    46    0.235442    10.2937    39.1169
2    47    9.53744    0.576149    32.8749
2    48    9.80303    0.984888    40.0621
2    49    2.47805    2.03629    28.3697
2    50    1.70153    9.98708    41.4278
2    51    2.52878    1.55875    39.9051
2    52    9.72052    3.28522    44.8487
2    53    5.13706    1.80776    27.7773
2    54    0.257792    5.45106    36.3242
2    55    0.974807    0.800858    37.8843
2    56    3.12412    9.28532    35.6706
2    57    11.568    10.2131    34.1929
2    58    5.3396    1.00555    34.3273
2    59    11.1875    5.07737    34.0435
2    60    5.39027    5.37626    0.590829
2    61    7.15573    3.24629    39.0647
2    62    2.29829    8.67535    38.0751
2    63    9.0497    8.73429    35.9436
2    64    7.04029    12.1088    26.0398
2    65    11.3722    6.24759    28.7832
2    66    5.70924    7.54707    38.5711
2    67    9.70817    12.1738    28.596
2    68    3.505    11.7485    49.6791
2    69    8.81823    10.5165    49.0102
2    70    11.2881    7.67559    36.6655
2    71    3.28838    5.29675    34.3597
2    72    2.9658    1.60381    43.8144
2    73    8.28651    10.4444    33.4188
2    74    4.61574    10.7902    25.4965
2    75    11.1229    8.13337    39.6192
2    76    7.17884    3.90818    27.4724
2    77    2.18536    6.71046    44.0343
2    78    5.85326    10.3006    48.5162
2    79    0.973331    1.69269    34.4937
2    80    5.32589    7.71916    48.7202
2    81    12.1207    2.04289    31.3232
2    82    8.68629    3.72713    36.2791
2    83    0.157976    8.88373    43.6039
2    84    8.53497    6.22697    35.1629
2    85    6.76896    5.84825    43.2182
2    86    7.08191    6.31967    33.1777
2    87    11.7556    7.71284    32.9643
2    88    10.9128    1.97453    37.8376
2    89    5.77778    6.38505    27.8064
2    90    5.57828    1.02435    48.2921
2    91    8.92683    5.97119    45.4688
2    92    10.633    8.51566    47.833
2    93    10.3527    8.09565    42.4442
2    94    2.66798    11.7926    35.9206
2    95    5.35762    8.43303    32.9348
2    96    4.27653    9.86133    28.185
2    97    2.204    6.50301    29.9042
2    98    5.27382    11.7325    44.5931
2    99    1.07069    11.7761    33.2896
2    100    8.12409    3.97406    30.0558
2    101    9.02057    9.37995    45.6218
2    102    4.83402    7.51537    42.8424
2    103    6.13676    3.71269    33.3002
2    104    0.139428    0.698998    28.8014
2    105    8.61944    1.85519    26.4676
2    106    4.74111    4.12547    44.1844
2    107    7.84447    1.20585    46.6443
2    108    3.37556    4.03656    40.0542
2    109    11.8525    6.92772    45.8194
2    110    3.89166    9.65952    39.922
2    111    8.56929    9.52815    31.0118
2    112    2.39194    2.41872    31.2647
2    113    12.1181    5.90858    41.1168
2    114    4.39467    0.896382    31.905
2    115    9.33184    11.8623    45.0556
2    116    0.724255    2.77162    0.739855
2    117    8.42563    3.27264    49.0081
2    118    8.44706    2.84655    42.1172
2    119    0.43418    6.67874    48.1219
2    120    2.79809    9.6785    30.6383
2    121    5.77579    9.94453    42.4435
2    122    6.08089    0.223319    30.0643
2    123    8.07968    8.36436    38.5717
2    124    6.29627    12.1064    40.6339
2    125    3.17884    11.4933    46.4879
2    126    0.827125    10.968    45.1705
2    127    3.00977    1.71471    46.698
