#                  R                OClO                ClOO                 OOO             OO(cl)O
                0.18                   0                   0                   0                   0
                0.54                   0                   0                   0                   0
                 0.9                   0                   0                   0                   0
                1.26                   0                   0                   0                   0
                1.62                   0                   0                   0                   0
                1.98                   0                   0                   0                   0
                2.34                   0                   0                   0                   0
                 2.7                   0                   0                   0                   0
                3.06                   0                   0                   0                   0
                3.42                   0                   0                   0                   0
                3.78                   0                   0                   0                   0
                4.14                   0                   0                   0                   0
                 4.5                   0                   0                   0                   0
                4.86                   0                   0                   0                   0
                5.22                   0                   0                   0                   0
                5.58                   0                   0                   0                   0
                5.94                   0                   0                   0                   0
                 6.3                   0                   0                   0                   0
                6.66                   0                   0                   0                   0
                7.02                   0                   0                   0                   0
                7.38                   0                   0                   0                   0
                7.74                   0                   0                   0                   0
                 8.1                   0                   0                   0                   0
                8.46                   0                   0                   0                   0
                8.82                   0                   0                   0                   0
                9.18                   0                   0                   0                   0
                9.54                   0                   0                   0                   0
                 9.9                   0                   0                   0                   0
               10.26                   0                   0                   0                   0
               10.62                   0                   0                   0                   0
               10.98                   0                   0                   0                   0
               11.34                   0                   0                   0                   0
                11.7                   0                   0                   0                   0
               12.06                   0                   0                   0                   0
               12.42                   0                   0                   0                   0
               12.78                   0                   0                   0                   0
               13.14                   0                   0                   0                   0
                13.5                   0                   0                   0                   0
               13.86                   0                   0                   0                   0
               14.22                   0                   0                   0                   0
               14.58                   0                   0                   0                   0
               14.94                   0                   0                   0                   0
                15.3                   0                   0                   0                   0
               15.66                   0                   0                   0                   0
               16.02                   0                   0                   0                   0
               16.38                   0                   0                   0                   0
               16.74                   0                   0                   0                   0
                17.1                   0                   0                   0                   0
               17.46                   0                   0                   0                   0
               17.82                   0                   0                   0                   0
               18.18                   0                   0                   0                   0
               18.54                   0                   0                   0                   0
                18.9                   0                   0                   0                   0
               19.26                   0                   0                   0                   0
               19.62                   0                   0                   0                   0
               19.98                   0                   0                   0                   0
               20.34                   0                   0                   0                   0
                20.7                   0                   0                   0                   0
               21.06                   0                   0                   0                   0
               21.42                   0                   0                   0                   0
               21.78                   0                   0                   0                   0
               22.14                   0                   0                   0                   0
                22.5                   0                   0                   0                   0
               22.86                   0                   0                   0                   0
               23.22                   0                   0                   0                   0
               23.58                   0                   0                   0                   0
               23.94                   0                   0                   0                   0
                24.3                   0                   0                   0                   0
               24.66                   0                   0                   0                   0
               25.02                   0                   0                   0                   0
               25.38                   0                   0                   0                   0
               25.74                   0                   0                   0                   0
                26.1                   0                   0                   0                   0
               26.46                   0                   0                   0                   0
               26.82                   0                   0                   0                   0
               27.18                   0                   0                   0                   0
               27.54                   0                   0                   0                   0
                27.9                   0                   0                   0                   0
               28.26                   0                   0                   0                   0
               28.62                   0                   0                   0                   0
               28.98                   0                   0                   0                   0
               29.34                   0                   0                   0                   0
                29.7                   0                   0                   0                   0
               30.06                   0                   0                   0                   0
               30.42                   0                   0                   0                   0
               30.78                   0                   0                   0                   0
               31.14                   0                   0                   0                   0
                31.5                   0                   0                   0                   0
               31.86                   0                   0                   0                   0
               32.22                   0                   0                   0                   0
               32.58                   0                   0                   0                   0
               32.94                   0                   0                   0                   0
                33.3                   0                   0                   0                   0
               33.66                   0                   0                   0                   0
               34.02                   0                   0                   0                   0
               34.38                   0                   0                   0                   0
               34.74                   0                   0                   0                   0
                35.1                   0                   0                   0                   0
               35.46                   0                   0                   0                   0
               35.82                   0                   0                   0                   0
               36.18                   0                   0                   0                   0
               36.54                   0                   0                   0                   0
                36.9                   0                   0                   0                   0
               37.26                   0                   0                   0                   0
               37.62     2.877005705e-05                   0                   0                   0
               37.98     0.0002301604564                   0                   0                   0
               38.34     0.0005610161124                   0                   0                   0
                38.7     0.0009206418254                   0                   0                   0
               39.06      0.001323422624                   0                   0                   0
               39.42      0.002690000334                   0                   0                   0
               39.78      0.003869572673                   0                   0                   0
               40.14      0.004660749241                   0                   0                   0
                40.5      0.005279305468                   0                   0                   0
               40.86      0.006056097008                   0                   0                   0
               41.22      0.005739626381                   0                   0                   0
               41.58      0.007710375288                   0     1.179226479e-06                   0
               41.94       0.01045791574                   0      1.59542406e-06                   0
                42.3       0.01393909264                   0     5.133103496e-06                   0
               42.66         0.018153906                   0     1.144543347e-05     6.847551589e-06
               43.02        0.0210309117                   0     1.637043818e-05     3.423775795e-06
               43.38       0.02679930814                   0     2.705284275e-05     1.626293502e-05
               43.74       0.02999278447                   0     4.397821104e-05     4.536502928e-05
                44.1       0.03360342663                   0     7.089232126e-05     7.275523564e-05
               44.46       0.03695513827                   0     0.0001109166553      0.000132671312
               44.82       0.04079594089                   0     0.0001617621264     0.0001848838929
               45.18       0.04262283951     1.044067762e-06     0.0002375794524     0.0002910209426
               45.54         0.041356957     1.044067762e-06     0.0003466925848     0.0005597873424
                45.9       0.03983214398     4.176271046e-06     0.0004972867428     0.0008208502468
               46.26       0.03681128799      2.71457618e-05     0.0006565516837      0.001157236219
               46.62        0.0348980792     3.236610061e-05     0.0008887899338      0.001634852942
               46.98       0.03203545852     5.220338808e-05      0.001102854223      0.002050841701
               47.34       0.03245262435      9.50101663e-05      0.001385036183      0.002498500386
                47.7       0.03233754412     0.0001639186386      0.001648905449       0.00300436326
               48.06       0.03089904127     0.0002213423654      0.001964452581      0.003413504467
               48.42       0.03472545885     0.0003215728705      0.002288670497         0.003741331
               48.78       0.03541594022     0.0004938440512      0.002630160612      0.004245481985
               49.14        0.0365667425     0.0005752813366      0.003005917661      0.004735081924
                49.5         0.033286956     0.0007412881107      0.003347546508      0.005307708426
               49.86       0.03999037929     0.0007736542113      0.003705823259      0.005724553129
               50.22       0.04183166294     0.0009574101373      0.004084424325      0.006329705501
               50.58       0.04364417654      0.001125505047      0.004399416528      0.006868094244
               50.94       0.04570123562      0.001388610123      0.004642337182      0.007473246616
                51.3       0.05095177103      0.001774915195      0.004851615199      0.008047585006
               51.66       0.05404455216      0.002020271119      0.005148086609      0.008613363956
               52.02        0.0557276005      0.002609125336      0.005421736519      0.009132065988
               52.38       0.05968348334      0.003114454133      0.005581764488       0.00937087435
               52.74       0.06024449945      0.003497627001      0.005752405496      0.009765464511
                53.1       0.06358182607      0.003889152412      0.005816846755      0.009655903685
               53.46        0.0632941255      0.004334969346      0.005896409859      0.009790286885
               53.82       0.05939578277      0.004932176105      0.005969591267       0.00983479597
               54.18       0.06362498116      0.005342494736      0.005937682786      0.009954628123
               54.54       0.06502032892      0.005570101508      0.005932133485      0.009869889672
                54.9       0.06496278881      0.006022182848      0.005910075013      0.009809117652
               55.26       0.06381198653       0.00629677267      0.005782163623      0.009370018406
               55.62       0.06251733396       0.00640848792      0.005701560025      0.009178286962
               55.98       0.06133776162      0.006517070967      0.005688033604      0.008953173703
               56.34       0.06322220036      0.006979592986      0.005683524797      0.008606516404
                56.7       0.06418599727      0.007204067554      0.005618181777       0.00854488844
               57.06       0.06054658505      0.007701043809      0.005628933547      0.008539752776
               57.42       0.05610161124      0.008121803117      0.005642737434        0.0084019458
               57.78       0.05394385696      0.008162521759       0.00560215817      0.008167417158
               58.14       0.05515219936      0.008116582778      0.005658761041      0.008286393367
                58.5       0.05132578177      0.008597898016      0.005733537873      0.008122908073
               58.86       0.05249096908      0.008656365811      0.005722092439      0.008155433943
               59.22       0.05290813491      0.008473653952      0.005799297091      0.008260715049
               59.58       0.05646123695      0.008245003113      0.005760798814      0.008045873118
               59.94       0.05569883044      0.008314955653      0.005825448172      0.007965414386
                60.3       0.05348353605      0.008348365821      0.005829540781      0.007593934713
               60.66       0.04810353538      0.008186535318      0.005793400958      0.007540866188
               61.02       0.04114118157      0.007912989564      0.005820592533      0.007537442412
               61.38       0.03658112753       0.00726671162      0.005804777025       0.00740049138
               61.74       0.03330134103      0.006964976037      0.005805678787      0.007151411691
                62.1       0.02898583247      0.006746765875      0.005870536243      0.006990494229
               62.46       0.02397984255      0.006587023507      0.005921589813      0.007282371115
               62.82       0.02045551056      0.006780176043      0.006029731818      0.007016172547
               63.18       0.01672978817      0.006779131975      0.006127399517      0.006983646677
               63.54       0.01618315709      0.006553613339       0.00619974853      0.006885213123
                63.9       0.01435625847      0.006651755709      0.006314549696       0.00676538097
               64.26        0.0133636915      0.006717531977      0.006401118792      0.006763669082
               64.62       0.01193957367      0.006545260797        0.0065088446      0.007062393521
               64.98       0.01106208693       0.00649723368      0.006588962634      0.007258404685
               65.34      0.009494118825      0.006611037066      0.006734978618       0.00760420604
                65.7      0.007019893919      0.006723796384        0.0068758615      0.007878964048
               66.06      0.005495080896      0.006702915029      0.006860045991       0.00810493325
               66.42      0.004329893585      0.006360460803      0.006888624892      0.008334326228
               66.78      0.002977700904      0.005891674378      0.006997252461      0.008526057673
               67.14      0.001913208794      0.005652582861      0.007077439861      0.008879562524
                67.5     0.0009062567969      0.005475091341      0.007222831549      0.009048183482
               67.86     0.0003740107416      0.005085654066      0.007236774168       0.00923649115
               68.22     0.0001438502852      0.005007348984      0.007264173842      0.009401688332
               68.58     1.438502852e-05      0.005021965933       0.00737245458      0.009532647756
               68.94                   0      0.004954101528      0.007446260284      0.009415383435
                69.3                   0      0.005007348984      0.007455069799       0.00957886873
               69.66                   0      0.004979159155      0.007598588599      0.009394840781
               70.02                   0      0.005167091352      0.007721574984      0.009158600251
               70.38                   0      0.005434372699       0.00785586807      0.009215948495
               70.74                   0      0.005482399816      0.007957559012      0.009148328924
                71.1                   0      0.005920908275      0.008105794717      0.009339204424
               71.46                   0      0.005853043871      0.008115228529      0.009378577846
               71.82                   0      0.006139118438       0.00822233004       0.00924505059
               72.18                   0      0.005881233701       0.00830661005      0.009617386207
               72.54                   0      0.005984596409      0.008465042595       0.00954206314
                72.9                   0      0.005895850649      0.008669881171      0.009929805749
               73.26                   0      0.005838426922      0.008721905869        0.0096678869
               73.62                   0      0.005908379462      0.008817353848      0.009480435176
               73.98                   0      0.005915687937      0.008760959075      0.009280144292
               74.34                   0      0.005973111664      0.008794324248       0.00910210795
                74.7                   0        0.0061986303      0.008922651836      0.009124362493
               75.06                   0      0.006270670976      0.008994168453      0.009218516327
               75.42                   0      0.006169396403      0.008982861752      0.009152608643
               75.78                   0      0.006163131996      0.009048412871      0.008879562524
               76.14                   0      0.005943877766      0.009135883729      0.008794824073
                76.5                   0      0.006038887933      0.009135051334       0.00854488844
               76.86                   0      0.006530643848      0.009164531996      0.008500379354
               77.22                   0      0.006470087918      0.009237089108      0.008708373734
               77.58                   0      0.006952447224       0.00932671032      0.008860731757
               77.94                   0      0.006836555702      0.009418204422      0.008789688409
                78.3                   0      0.007610209914      0.009503802391       0.00923221143
               78.66                   0      0.007732365842      0.009585169018      0.009502689718
               79.02                   0      0.007971457359      0.009714120902      0.009720955425
               79.38                   0      0.008206372605      0.009834679468      0.009988009937
               79.74                   0      0.008341057347       0.01000414125       0.01013352041
                80.1                   0      0.008159389556       0.01004395748       0.01006675678
               80.46                   0      0.008187579386       0.01011956671        0.0102833106
               80.82                   0      0.007547565848       0.01023762809       0.01027132738
               81.18                   0      0.007198847216       0.01031178063       0.01050585603
               81.54                   0      0.007351281109       0.01049282658       0.01067190915
                81.9                   0      0.006843864177       0.01065514363       0.01079430914
               82.26                   0      0.006772867569       0.01091290867       0.01098604058
               82.62                   0      0.006642359099       0.01105469331       0.01076691893
               82.98                   0      0.006658020115       0.01112475324       0.01053153434
               83.34                   0      0.006749898078       0.01131960307       0.01030556514
                83.7                   0      0.007064162474       0.01144730636        0.0104313889
               84.06                   0      0.007484921782       0.01174814785       0.01072583362
               84.42                   0      0.007390955684       0.01175737356       0.01073867278
               84.78                   0      0.007579931948       0.01178137429       0.01089445458
               85.14                   0      0.007620650591       0.01181432326       0.01059744203
                85.5                   0      0.008059159051        0.0118422085       0.01082683501
               85.86                   0       0.00783572855       0.01181702854        0.0111247035
               86.22                   0       0.00815312515       0.01195187656       0.01133355382
               86.58                   0      0.008114494642       0.01193439626        0.0112727818
               86.94                   0       0.00804558617        0.0119160142       0.01147820835
                87.3                   0      0.007859742109       0.01190019869       0.01146194542
               87.66                   0      0.007751159061       0.01197344947        0.0116134475
               88.02                   0      0.007974589562       0.01199557731       0.01180089922
               88.38                   0      0.008269016671       0.01205759075       0.01169390623
               88.74                   0      0.008545694628       0.01201007486       0.01158520135
                89.1                   0       0.00882446072       0.01204961363       0.01161002372
               89.46                   0      0.008831769195       0.01209373057       0.01171359294
               89.82                   0       0.00903431834       0.01216975599       0.01144653843
               90.18                   0      0.009061464102       0.01217863488        0.0115706503
               90.54                   0      0.008752420045       0.01224078705        0.0114850559
                90.9                   0      0.008881884447       0.01231403782        0.0114499622
               91.26                   0      0.008869355634       0.01244042315       0.01154240415
               91.62                   0      0.008890236989       0.01261543424       0.01178549223
               91.98                   0      0.009122020032          0.01274834       0.01193785025
               92.34                   0      0.008990467494       0.01289345422        0.0122074726
                92.7                   0      0.009078169186       0.01307713609       0.01197123207
               93.06                   0      0.009449857309       0.01331318948       0.01242402642
               93.42                   0      0.009823633568        0.0133213747       0.01242488236
               93.78                   0      0.009965626784       0.01344311249       0.01237181383
               94.14                   0       0.01046886744       0.01343478854       0.01223229497
                94.5                   0       0.01028928779       0.01355985591       0.01241889075
               94.86                   0       0.01019532169        0.0135399478       0.01233072852
               95.22                   0       0.01030286067       0.01356519712       0.01263886835
               95.58                   0       0.01041770812       0.01373840468       0.01301462774
               95.94                   0       0.01042084033       0.01372030008       0.01306940815
                96.3                   0       0.01043441321       0.01370698176       0.01310792563
               96.66                   0       0.01060146405       0.01386638543       0.01323802911
               97.02                   0       0.01043441321       0.01377829028       0.01322518995
               97.38                   0       0.01029241999       0.01378938888       0.01335529343
               97.74                   0       0.01032165389       0.01374610433       0.01329280952
                98.1                   0       0.01010031152       0.01381179418       0.01320122352
               98.46                   0      0.009976067461       0.01384508999        0.0131969438
               98.82                   0       0.01002409458       0.01380464946       0.01298980537
               99.18                   0       0.01005019627        0.0138095051       0.01318068087
               99.54                   0      0.009992772545       0.01377287971       0.01304972144
                99.9                   0       0.01006898949       0.01375956139       0.01284343895
              100.26                   0       0.01018070474        0.0137692033       0.01312076479
              100.62                   0       0.01022142339       0.01377974697       0.01276725994
              100.98                   0       0.01043441321       0.01378488007        0.0126731061
              101.34                   0       0.01042397253       0.01381609489       0.01217665861
               101.7                   0       0.01035610813       0.01368318913        0.0120867845
              102.06                   0       0.01022142339       0.01370261168       0.01194897752
              102.42                   0       0.01013058949       0.01373070502       0.01192073137
              102.78                   0        0.0101044878       0.01373930644       0.01188649362
              103.14                   0       0.01037176914       0.01369720112       0.01182657754
               103.5                   0       0.01031747762       0.01370698176       0.01194726564
              103.86                   0       0.00992073187       0.01367604441        0.0121509803
              104.22                   0       0.00933292172       0.01364011268       0.01213129358
              104.58                   0      0.009625260693       0.01365266797       0.01197123207
              104.94                   0      0.009555308153       0.01367715427       0.01219292155
               105.3                   0       0.00971087425       0.01358330171       0.01238379705
              105.66                   0      0.009513545443       0.01355916225       0.01257809633
              106.02                   0      0.009686860691       0.01364309543       0.01247281522
              106.38                   0      0.009773518315       0.01360633131       0.01247538305
              106.74                   0      0.009789179332       0.01355118513       0.01244799285
               107.1                   0       0.01007003356        0.0134410315        0.0121295817
              107.46                   0       0.01012745729       0.01338859061       0.01207822506
              107.82                   0       0.01020680644       0.01332283139       0.01192073137
              108.18                   0      0.009980243732       0.01319713972       0.01168962651
              108.54                   0       0.01009717932       0.01319873515       0.01171016916
               108.9                   0       0.01013267763       0.01314469883       0.01187365446
              109.26                   0      0.009916555599       0.01314809777       0.01160488806
              109.62                   0      0.009676420014       0.01316627174       0.01132585033
              109.98                   0      0.009596026796        0.0131834052        0.0112102979
              110.34                   0      0.009667023404       0.01303281104       0.01083881822
               110.7                   0      0.009869572549       0.01296018457       0.01038003227
              111.06                   0      0.009999036952       0.01295442717       0.01021141131
              111.42                   0      0.009905070853       0.01283643515       0.01020627564
              111.78                   0       0.01022455559       0.01268702022      0.009762040735
              112.14                   0        0.0105221149       0.01258283209      0.009121794661
               112.5                   0       0.01068916574       0.01244548689       0.00883762127
              112.86                   0       0.01075598608       0.01247614678      0.008708373734
              113.22                   0       0.01111514539       0.01238388965      0.008565431094
              113.58                   0       0.01158601995       0.01223669444       0.00836514021
              113.94                   0        0.0115359047       0.01218626517       0.00854060872
               114.3                   0       0.01196292841       0.01208471296      0.008333470284
              114.66                   0       0.01199738265       0.01206535977      0.008221341627
              115.02                   0       0.01209865722        0.0119686632       0.00837369965
              115.38                   0       0.01200782333       0.01199030547      0.008384826921
              115.74                   0       0.01207359959       0.01202082663      0.008452446493
               116.1                   0       0.01171757249       0.01195132163      0.008706661846
              116.46                   0       0.01162882673       0.01185878704      0.008591109413
              116.82                   0       0.01152233182       0.01179725916      0.008542320608
              117.18                   0       0.01084473184       0.01172546508      0.008806807288
              117.54                   0       0.01076225049       0.01160594701      0.008941190488
               117.9                   0       0.01064635896       0.01159762305       0.00874432338
              118.26                   0        0.0104281488       0.01154025715      0.009067870192
              118.62                   0       0.01035088779       0.01144293629      0.009352043583
              118.98                   0       0.01047617592       0.01131703652      0.009370018406
              119.34                   0       0.01025587762       0.01122110298      0.009456468745
               119.7                   0       0.01012432508       0.01112953951      0.009575444954
              120.06                   0       0.01003140305       0.01109506447      0.009507825382
              120.42                   0      0.009587674254       0.01100655312      0.009647344246
              120.78                   0      0.009783958993       0.01084472163        0.0093426282
              121.14                   0       0.00986017594       0.01077181769      0.009372586238
               121.5                   0      0.009898806447       0.01067401126      0.009294695339
              121.86                   0       0.01005541661       0.01059243653      0.009091836623
              122.22                   0       0.01006272509       0.01035846412      0.008869291196
              122.58                   0      0.009649274252       0.01024394042      0.008836765326
              122.94                   0      0.009115755626       0.01013087341      0.008544032496
               123.3                   0      0.008902765802       0.01011131213      0.008680983528
              123.66                   0      0.008539430221       0.01009868747      0.008862443645
              124.02                   0      0.008394304802       0.00998444123      0.008422488455
              124.38                   0      0.008181314979      0.009819002692      0.008204222748
              124.74                   0      0.007759511603      0.009711901181      0.008405369576
               125.1                   0      0.007475525172      0.009690467006      0.008327478677
              125.46                   0      0.007283416704      0.009686998693      0.008340317836
              125.82                   0      0.007233301452      0.009594672196      0.008277833928
              126.18                   0      0.007331443821      0.009454482977      0.008201654916
              126.54                   0      0.007360677719       0.00930666347      0.008131467512
               126.9                   0      0.007059986203      0.009256511662      0.008181112261
              127.26                   0      0.007149776031      0.009223077123       0.00827184232
              127.62                   0      0.007423321784      0.009130334428      0.008122052129
              127.98                   0      0.007345016702      0.008956571938      0.007849006009
              128.34                   0       0.00707564722      0.008864176075      0.007651282957
               128.7                   0      0.007019267561      0.008841840139      0.007751428399
              129.06                   0       0.00684699638      0.008770115422      0.007825895523
              129.42                   0      0.006879362481      0.008675083641      0.007593078769
              129.78                   0      0.007023443832      0.008564166986      0.007493789271
              130.14                   0      0.006812542144      0.008475031337      0.007686376659
               130.5                   0      0.006566142152       0.00832998648      0.007638443798
              130.86                   0      0.006299904873      0.008200340934      0.007572536114
              131.22                   0      0.006233084536      0.008090534139      0.007434729138
              131.58                   0      0.006228908265      0.008034555564      0.007825895523
              131.94                   0      0.006304081144      0.007924055107      0.007429593475
               132.3                   0       0.00629677267      0.007824237054      0.007231014478
              132.66                   0      0.006382386226      0.007705412644      0.007363685791
              133.02                   0       0.00625918623      0.007632300603      0.007301201882
              133.38                   0      0.006353152329      0.007544482913      0.007247277413
              133.74                   0      0.006258142162      0.007424409911      0.007059825689
               134.1                   0       0.00598877268      0.007346511597      0.007208759936
              134.46                   0      0.005955362512      0.007283457664      0.007337151528
              134.82                   0      0.005963715054      0.007183500878      0.007232726366
              135.18                   0      0.005966847257      0.007047681734      0.007248989301
              135.54                   0      0.006074386236      0.006971795042      0.007431305362
               135.9                   0      0.006174616742      0.006835767799      0.007271243844
              136.26                   0       0.00608691505      0.006714793036      0.007161683019
              136.62                   0      0.006094223524      0.006608246455      0.007098343166
              136.98                   0      0.006201762503      0.006592847145      0.007248133357
              137.34                   0      0.006015918442      0.006390297655      0.006911747386
               137.7                   0      0.006044108271       0.00635568389      0.007016172547
              138.06                   0      0.005712094723      0.006325509565      0.006861246693
              138.42                   0      0.005715226926       0.00622610771      0.006891204731
              138.78                   0      0.005623348963      0.006119144931      0.006696905454
              139.14                   0      0.005457342189      0.006025292377      0.006488911075
               139.5                   0      0.005221382875      0.005966747251      0.006850975365
              139.86                   0      0.005090874405       0.00593074616      0.006831288654
              140.22                   0      0.004766169331      0.005837934099      0.006637845322
              140.58                   0       0.00450097612      0.005717306167      0.006529996384
              140.94                   0      0.004506196459       0.00566639133      0.006485487299
               141.3                   0      0.004441464257      0.005596816968      0.006523148833
              141.66                   0      0.004513504933       0.00548687144      0.006430706886
              142.02                   0      0.004265016806      0.005414453061      0.006327137669
              142.38                   0      0.004408054089      0.005363815689      0.006231271946
              142.74                   0      0.004203416808      0.005277732156      0.006241543274
               143.1                   0      0.003982074442      0.005161196833      0.006355383819
              143.46                   0      0.003823376143      0.005089818948      0.006148245383
              143.82                   0       0.00367511852      0.005030649525      0.005909437022
              144.18                   0      0.003783701568      0.004997353719      0.006150813215
              144.54                   0      0.003625003268      0.004961144529       0.00597620065
               144.9                   0      0.003387999886      0.004863962394      0.005790460813
              145.26                   0      0.003587416829      0.004833857436      0.005699730754
              145.62                   0      0.003426630393      0.004799659868      0.005802444028
              145.98                   0      0.003285681245      0.004770387305      0.005530253852
              146.34                   0       0.00314368803      0.004701992169      0.005220402143
               146.7                   0      0.003060162609       0.00466501995      0.005052637129
              147.06                   0      0.002907728716      0.004623469559       0.00484036303
              147.42                   0      0.002811674482      0.004596555448      0.004802701496
              147.78                   0      0.002858657531      0.004558612102      0.004579300125
              148.14                   0      0.002773043975      0.004463996519       0.00451082461
               148.5                   0      0.002673857537      0.004429868317      0.004503977058
              148.86                   0      0.002696827028      0.004391092576      0.004551053975
              149.22                   0      0.002757382958      0.004369658401      0.004590427397
              149.58                   0      0.002761559229      0.004297933684      0.004313957501
              149.94                   0      0.002727104993      0.004198184997      0.004153040039
               150.3                   0       0.00272397279      0.004101280327       0.00407514914
              150.66                   0      0.002617477878      0.004019150671      0.003961308594
              151.02                   0      0.002543349067      0.004007982703       0.00394076594
              151.38                   0      0.002561098219      0.003937784044      0.004052038653
              151.74                   0      0.002427457545      0.003881666737      0.004040055438
               152.1                   0      0.002405532122      0.003749315906      0.003816654067
              152.46                   0      0.002588243981      0.003681753166      0.003921079229
              152.82                   0      0.002587199913      0.003660943287      0.003828637282
              153.18                   0      0.002549613474      0.003588802373      0.003718220513
              153.54                   0      0.002610169404      0.003550373463      0.003950181323
               153.9                   0      0.002583023642      0.003527343863       0.00400153796
              154.26                   0      0.002568406693      0.003423225102      0.003738763168
              154.62                   0      0.002550657541      0.003330482408      0.003589828921
              154.98                   0      0.002480705001       0.00324987881      0.003504234526
              155.34                   0      0.002407620258      0.003195565025        0.0034725646
               155.7                   0      0.002249966026      0.003155124494      0.003256866725
              156.06                   0      0.002122589759      0.003146384344      0.003448598169
              156.42                   0      0.001961803324      0.003092972322      0.003241459734
              156.78                   0       0.00193570163      0.003060162079      0.003210645752
              157.14                   0      0.001880366038       0.00299683068      0.003019770251
               157.5                   0      0.001858440615      0.002991142647      0.003169560442
              157.86                   0      0.001923172817      0.002951187679      0.003201230368
              158.22                   0      0.001921084681      0.002834305525      0.003131042964
              158.58                   0      0.002040108406      0.002769448069      0.003002651372
              158.94                   0      0.002035932135      0.002692312784       0.00290678565
               159.3                   0      0.001923172817      0.002604911292      0.002787809441
              159.66                   0      0.001883498242      0.002543938346       0.00270307099
              160.02                   0      0.001854264344      0.002472837926      0.002612340931
              160.38                   0      0.001751945704      0.002446131915      0.002626036035
              160.74                   0      0.001667376215      0.002372534309      0.002590942333
               161.1                   0      0.001496149102      0.002344995903      0.002453991301
              161.46                   0      0.001400094868      0.002300878959      0.002292217895
              161.82                   0      0.001239308433      0.002241501438      0.002210047275
              162.18                   0       0.00111924064      0.002225685929       0.00229992139
              162.54                   0      0.001063905049      0.002190101036       0.00240177872
               162.9                   0      0.001056596575      0.002136619647        0.0024753899
              163.26                   0     0.0009584542051      0.002125174214      0.002513051433
              163.62                   0      0.001024230474      0.002085011147      0.002644010857
              163.98                   0      0.001056596575      0.002003713886      0.002631171698
              164.34                   0      0.001076433862      0.001959250112       0.00249507661
               164.7                   0      0.001152650809      0.001887456029      0.002407770328
              165.06                   0      0.001136989792      0.001861721145      0.002440296198
              165.42                   0      0.001143254199       0.00183563943      0.002531026256
              165.78                   0      0.001320745718      0.001799360874       0.00250363605
              166.14                   0      0.001216338942      0.001780770716       0.00244286403
               166.5                   0      0.001244528772      0.001741440044      0.002413761935
              166.86                   0      0.001191281316      0.001716260091      0.002396643056
              167.22                   0      0.001192325384      0.001674362867      0.002322175933
              167.58                   0      0.001174576232      0.001590915253      0.002139859872
              167.94                   0      0.001133857589      0.001593828636      0.002127876656
               168.3                   0      0.001146386402       0.00154381556      0.002085935403
              168.66                   0      0.001186060977      0.001488253183        0.0019378571
              169.02                   0      0.001265410127      0.001435326724      0.001959255699
              169.38                   0      0.001116108437      0.001391556611      0.001921594165
              169.74                   0      0.001085830472      0.001362006583      0.001857398369
               170.1                   0      0.001185016909       0.00129264032      0.001774371806
              170.46                   0      0.001019010135      0.001252893451      0.001659675316
              170.82                   0      0.000954277934      0.001188937756      0.001539843164
              171.18                   0      0.001044067762      0.001158485966      0.001606606792
              171.54                   0      0.001053464371      0.001131225025      0.001550114491
               171.9                   0     0.0009699389504      0.001087663011      0.001485062751
              172.26                   0      0.001005437254      0.001026690066      0.001369510318
              172.62                   0      0.001064949117     0.0009424100554      0.001175211042
              172.98                   0      0.001075389794     0.0008833099989      0.001080201263
              173.34                   0      0.001030494881     0.0008371814337      0.001002310364
               173.7                   0      0.001051376236     0.0007970183672     0.0009492418391
              174.06                   0      0.001059728778     0.0007644855896     0.0009963187563
              174.42                   0     0.0009730711537     0.0007038594754      0.000884190099
              174.78                   0      0.001027362677     0.0006392101178     0.0007532306748
              175.14                   0      0.001093138946     0.0005814973866     0.0007446712354
               175.5                   0     0.0009782914925       0.00054077939     0.0006462376813
              175.86                   0     0.0009553220018     0.0005034603402     0.0006462376813
              176.22                   0     0.0008634440388     0.0004731472831      0.000649661457
              176.58                   0     0.0008342101414     0.0004247296312     0.0006376782418
              176.94                   0      0.000814372854     0.0003971218583     0.0005726265017
               177.3                   0     0.0007016135357     0.0003431549054     0.0004656335081
              177.66                   0     0.0005951186241     0.0003079862098     0.0003303943642
              178.02                   0     0.0004604338828     0.0002619963771     0.0002679104559
              178.38                   0     0.0003549830389     0.0002157290794     0.0001951552203
              178.74                   0     0.0002349152463     0.0001603054349     0.0001343831999
               179.1                   0     0.0001660067741      0.000106893412     0.0001155524331
              179.46                   0     0.0001169355893     6.985182731e-05     8.730628277e-05
              179.82                   0     3.549830389e-05     2.594298254e-05      3.16699261e-05
