#                  R                  OH                  OO                 OCl                 HCl                OClO                HClH
               0.006                   0         4617764.249                   0                   0                   0                   0
               0.018                   0                   0                   0                   0                   0                   0
                0.03                   0                   0                   0                   0                   0                   0
               0.042                   0                   0                   0                   0                   0                   0
               0.054                   0                   0                   0                   0                   0                   0
               0.066                   0                   0                   0                   0                   0                   0
               0.078                   0                   0                   0                   0                   0                   0
                0.09                   0                   0                   0                   0                   0                   0
               0.102                   0                   0                   0                   0                   0                   0
               0.114                   0                   0                   0                   0                   0                   0
               0.126                   0                   0                   0                   0                   0                   0
               0.138                   0                   0                   0                   0                   0                   0
                0.15                   0                   0                   0                   0                   0                   0
               0.162                   0                   0                   0                   0                   0                   0
               0.174                   0                   0                   0                   0                   0                   0
               0.186                   0                   0                   0                   0                   0                   0
               0.198                   0                   0                   0                   0                   0                   0
                0.21                   0                   0                   0                   0                   0                   0
               0.222                   0                   0                   0                   0                   0                   0
               0.234                   0                   0                   0                   0                   0                   0
               0.246                   0                   0                   0                   0                   0                   0
               0.258                   0                   0                   0                   0                   0                   0
                0.27                   0                   0                   0                   0                   0                   0
               0.282                   0                   0                   0                   0                   0                   0
               0.294                   0                   0                   0                   0                   0                   0
               0.306                   0                   0                   0                   0                   0                   0
               0.318                   0                   0                   0                   0                   0                   0
                0.33                   0                   0                   0                   0                   0     4.428579501e-06
               0.342                   0                   0                   0                   0                   0                   0
               0.354                   0                   0                   0                   0                   0                   0
               0.366                   0                   0                   0                   0                   0     4.428579501e-06
               0.378                   0                   0                   0                   0                   0     4.428579501e-06
                0.39                   0                   0                   0                   0                   0                   0
               0.402                   0                   0                   0                   0                   0                   0
               0.414                   0                   0                   0                   0                   0                   0
               0.426                   0                   0                   0                   0                   0                   0
               0.438                   0                   0                   0                   0                   0                   0
                0.45                   0                   0                   0                   0                   0                   0
               0.462                   0                   0                   0                   0                   0                   0
               0.474                   0                   0                   0                   0                   0                   0
               0.486                   0                   0                   0                   0                   0                   0
               0.498                   0                   0                   0                   0                   0                   0
                0.51                   0                   0                   0                   0                   0                   0
               0.522                   0                   0                   0                   0                   0                   0
               0.534                   0                   0                   0                   0                   0                   0
               0.546                   0                   0                   0                   0                   0                   0
               0.558                   0                   0                   0                   0                   0     4.428579501e-06
                0.57                   0                   0                   0                   0                   0                   0
               0.582                   0                   0                   0                   0                   0     4.428579501e-06
               0.594                   0                   0                   0                   0                   0     4.428579501e-06
               0.606                   0                   0                   0                   0                   0     8.857159002e-06
               0.618                   0                   0                   0                   0                   0     4.428579501e-06
                0.63                   0                   0                   0                   0                   0     2.214289751e-05
               0.642                   0                   0                   0                   0                   0                   0
               0.654                   0                   0                   0                   0                   0     2.657147701e-05
               0.666                   0                   0                   0                   0                   0     3.100005651e-05
               0.678                   0                   0                   0                   0                   0       1.7714318e-05
                0.69                   0                   0                   0                   0                   0     5.314295401e-05
               0.702                   0                   0                   0                   0                   0     4.428579501e-05
               0.714                   0                   0                   0                   0                   0     6.200011302e-05
               0.726      0.000812593734                   0                   0                   0                   0      1.32857385e-05
               0.738      0.001415490017                   0                   0                   0                   0     5.314295401e-05
                0.75      0.005786799012                   0                   0                   0                   0     4.428579501e-05
               0.762       0.01585901244                   0                   0                   0                   0     7.528585152e-05
               0.774       0.04025078663                   0                   0                   0                   0     7.085727202e-05
               0.786       0.09324495735                   0                   0                   0                   0     8.857159002e-05
               0.798        0.1907431094                   0                   0                   0                   0     0.0001107144875
                0.81        0.3658931121                   0                   0                   0                   0      0.000115143067
               0.822        0.6732411588                   0                   0                   0                   0      0.000132857385
               0.834         1.122175315                   0                   0                   0                   0      0.000150571703
               0.846         1.791260859                   0                   0                   0                   0     0.0001727146005
               0.858         2.700606865                   0                   0                   0                   0     0.0002170003956
                0.87         3.885044792                   0                   0                   0                   0     0.0001904289186
               0.882         5.276499958                   0                   0                   0                   0     0.0002790005086
               0.894         6.838107513                   0                   0                   0                   0     0.0003232863036
               0.906          8.45452642                   0                   0                   0                   0     0.0003720006781
               0.918         10.10956772                   0                   0                   0                   0     0.0004074293141
                0.93         11.63314852                   0                   0                   0                   0     0.0003808578371
               0.942         12.93300481                   0                   0                   0                   0     0.0004340007911
               0.954         13.90837108                   0                   0                   0                   0     0.0005535724377
               0.966         14.47665045                   0                   0                   0                   0     0.0005978582327
               0.978         14.64798485                   0                   0                   0                   0     0.0005314295401
                0.99         14.34551208                   0                   0                   0                   0     0.0005535724377
               1.002         13.80671098                   0                   0                   0                   0     0.0005447152787
               1.014         12.91205249                   0                   0                   0                   0     0.0005934296532
               1.026         11.79356795                   0                   0                   0                   0     0.0005890010737
               1.038          10.6226015                   0                   0                   0                   0     0.0006775726637
                1.05         9.319073658                   0                   0                   0                   0     0.0005314295401
               1.062         8.063137698                   0                   0                   0                   0     0.0005314295401
               1.074         6.810935701                   0                   0                   0                   0     0.0004827151656
               1.086         5.726815691                   0                   0                   0                   0     0.0004782865861
               1.098         4.664293378                   0                   0                   0                   0     0.0003985721551
                1.11         3.818967877                   0                   0                   0                   0     0.0004384293706
               1.122         3.049576428                   0                   0                   0                   0     0.0003808578371
               1.134         2.414007577                   0                   0                   0                   0     0.0004207150526
               1.146         1.877987796                   0                   0                   0                   0     0.0003188577241
               1.158         1.453080639                   0                   0                   0                   0     0.0002568576111
                1.17         1.108636037                   0                   0                   0                   0     0.0002612861906
               1.182        0.8528853429                   0                   0                   0                   0     0.0002037146571
               1.194        0.6385053361                   0                   0                   0                   0     0.0002612861906
               1.206         0.485040906                   0                   0                   0     9.693766172e-06     0.0001992860776
               1.218        0.3552260699                   0                   0                   0     9.693766172e-06      0.000150571703
                1.23        0.2601424236                   0                   0                   0     7.431887398e-05     0.0001948574981
               1.242        0.2002191086                   0                   0                   0     0.0001195564495     0.0002125718161
               1.254        0.1439471937                   0                   0                   0     0.0002488066651     0.0002081432366
               1.266        0.1091636368                   0                   0                   0     0.0004039069238      0.000141714544
               1.278       0.08543636836                   0                   0                   0     0.0006753323766     0.0001461431235
                1.29       0.06241454209                   0                   0                   0     0.0008918264878     0.0001638574415
               1.302       0.05687311953                   0                   0                   0      0.001101858088     0.0001992860776
               1.314       0.05211813921                   0                   0                   0      0.001182639473      0.000132857385
               1.326       0.05015600448                   0                   0                   0      0.001583315141      0.000159428862
               1.338       0.05280120006                   0                   0                   0      0.002216641198     0.0001904289186
                1.35       0.05680189856                   0                   0                   0       0.00256561678     0.0002170003956
               1.362       0.06390953523                   0                   0                   0      0.002507454183     0.0002701433496
               1.374       0.07278044919                   0                   0                   0       0.00314724275     0.0002081432366
               1.386        0.0832756499                   0                   0                   0      0.002995373747     0.0002347147136
               1.398       0.09618451722                   0                   0                   0      0.003683631145     0.0002612861906
                1.41        0.1104533949                   0                   0                   0      0.004074613047     0.0002435718726
               1.422         0.127575621                   0                   0                   0      0.003951825343     0.0002790005086
               1.434        0.1582333007                   0                   0                   0        0.0039259753     0.0003144291446
               1.446        0.1786625803                   0                   0                   0      0.003942131576     0.0002612861906
               1.458        0.2081725662                   0                   0                   0      0.003951825343     0.0004561436886
                1.47        0.2387604428                   0                   0                   0      0.003896894001     0.0004605722681
               1.482        0.2667742547                   0                   0                   0      0.003955056598     0.0005358581196
               1.494        0.3058347928                   0                   0      0.001208909019      0.003961519109     0.0004295722116
               1.506        0.3411098327                   0                   0      0.001189720393      0.004420357374     0.0005270009606
               1.518        0.3864250596                   0                   0      0.001170985029      0.004533451313     0.0006288582892
                1.53         0.431233674                   0                   0       0.00345806629      0.004701476593     0.0007484299357
               1.542        0.4768577205                   0                   0      0.002269635961      0.005053683431     0.0008325729462
               1.554        0.5218423999                   0                   0      0.003352078768      0.004678857806     0.0008768587412
               1.566        0.5742348653                   0                   0      0.003300902994      0.004995520834     0.0009920018083
               1.578        0.6295030812                   0                   0      0.003250890277       0.00525079001     0.0009742874903
                1.59        0.6769954775                   0                   0      0.007471346486      0.005722553297      0.001284288055
               1.602        0.7297919857                   0                   0      0.002102810268      0.005176471136      0.001399431122
               1.614        0.7841390315                   0                   0       0.00725080334      0.005651465678      0.001465859815
               1.626        0.8343457755                   0                   0       0.00612357927      0.005428509056      0.001443716917
               1.638        0.8895315383                   0                   0        0.0120683711      0.005674084466      0.001713860267
                1.65        0.9402291666                   0                   0       0.01288459278      0.005741940829      0.001744860323
               1.662        0.9939338402                   0                   0        0.0146529302      0.005761328361      0.001979575037
               1.674           1.0315486                   0                   0       0.01733232746        0.0050052146      0.001997289355
               1.686         1.076327889                   0                   0       0.01328948677      0.004026144217      0.002072575207
               1.698         1.110770211                   0                   0       0.02246110974      0.003354043095      0.002453433044
                1.71         1.140202949                   0                   0       0.02491534519      0.002633473143      0.002347147136
               1.722         1.167742492                   0                   0       0.04276878903      0.002542997992      0.002621719065
               1.734         1.190538533                   0                   0       0.05922992237      0.002597929334       0.00275457645
               1.746         1.207822826                   0                   0         0.077006292      0.002423441543      0.003038005538
               1.758         1.224137825                   0                   0         0.085562565      0.002772417125      0.002945005368
                1.77         1.223932825                   0                   0        0.1042159811       0.00276918587      0.003126577128
               1.782         1.222880482                   0                   0        0.1504019175      0.003085848898      0.003250577354
               1.794         1.231315071                   0                   0        0.1836093384      0.003625468548      0.003467577749
               1.806         1.233088793                   0                   0        0.1985506437      0.004210325774      0.003808578371
               1.818         1.215970013                   0                   0        0.2212468539      0.004446207417      0.003866149905
                1.83         1.207633791                   0                   0         0.265893274      0.004769332956      0.004123007516
               1.842         1.186913726                   0                   0        0.2950463656      0.004911508194      0.004207150526
               1.854         1.163686504                   0                   0        0.3037995573      0.005069839708      0.004548151148
               1.866         1.146369005                   0                   0        0.4339706903       0.00463362023       0.00470758001
               1.878         1.129458405                   0                   0        0.4735819517      0.005451127844      0.005225723811
                1.89         1.099634164                   0                   0         0.531040208      0.005577146804      0.005411724151
               1.902         1.065402976                   0                   0        0.5795563925      0.006300948012      0.006005153804
               1.914         1.029404047                   0                   0        0.6665925218      0.006310641778      0.005721724716
               1.926         1.001075273                   0                   0        0.7215972162       0.00624601667      0.006279725733
               1.938        0.9618834543                   0                   0        0.7457367882      0.006669311126      0.006107011132
                1.95        0.9275987519                   0                   0        0.8756725055      0.006775942554      0.006487868969
               1.962        0.8936332287                   0                   0        0.9561194607       0.00744481242      0.006580869139
               1.974        0.8616316202                   0                   0         1.050478321      0.007664537786      0.006815583852
               1.986        0.8246999625                   0                   0         1.096657114      0.007767937959      0.007081298622
               1.998        0.7881615582                   0                   0         1.129487227      0.007425424887       0.00728501328
                2.01        0.7578940373                   0                   0          1.33711209      0.007015055453      0.007528585152
               2.022        0.7159467219                   0                   0         1.424905991      0.007176618222      0.007705728332
               2.034        0.6886406004                   0                   0         1.517063296      0.007134611902      0.007980300261
               2.046        0.6538512126                   0                   0         1.582472385      0.007380187312      0.007705728332
               2.058        0.6209566604                   0                   0         1.676200725      0.007651612765      0.008157443441
                2.07        0.5941564252                   0                   0         1.773323179      0.008546670508      0.008507301222
               2.082        0.5664291363                   0                   0         1.775350129      0.008892414835      0.009122873773
               2.094        0.5317948205                   0                   0         1.875059522      0.009706691193      0.009091873716
               2.106        0.5080313125                   0                   0         2.007065539      0.009729309981      0.009636588995
               2.118         0.483233489                   0                   0          2.04995185      0.009622678553      0.009605588938
                2.13        0.4612263911                   0                   0         2.125647959      0.009548359679       0.01046473336
               2.142        0.4452630926                   0                   0         2.152475238      0.009522509636       0.01017687569
               2.154        0.4214561776                   0                   0         2.311754753        0.0102495421       0.01079244824
               2.166        0.4033152405                   0                   0         2.397789352       0.01136432521       0.01077916251
               2.178         0.386251676                   0                   0         2.437993058       0.01218506408       0.01123973477
                2.19        0.3717783749                   0                   0         2.470985305       0.01383623558       0.01129287773
               2.202        0.3596284152                   0                   0         2.558208556       0.01444048034       0.01181987869
               2.214        0.3438222686                   0                   0         2.585049951       0.01491224363        0.0113858779
               2.226        0.3314296177                   0                   0         2.649284632       0.01488316233       0.01188630738
               2.238        0.3143224865                   0                   0         2.685598621        0.0142045987       0.01163387835
                2.25        0.3065369557                   0                   0          2.64423658       0.01401395463       0.01200587903
               2.262        0.2978856296                   0                   0         2.636295355       0.01351311004       0.01228487954
               2.274        0.2857963653     0.0001325240355                   0         2.663857355       0.01293471533        0.0124221655
               2.286        0.2785008488      0.000262272724                   0         2.610146345       0.01263743983       0.01323259555
               2.298        0.2683407946      0.001103048151                   0         2.573249122       0.01308658433       0.01273659465
                2.31        0.2575094054      0.002183235405                   0         2.588554663        0.0138782419       0.01250187993
               2.322        0.2543939494      0.004416782284                   0         2.581386817       0.01604964552       0.01280302334
               2.334        0.2469022668      0.006541498772                   0         2.472191206        0.0179205424       0.01288273777
               2.346        0.2426241118       0.01058372493                   0         2.398917987       0.01878328759       0.01272330891
               2.358        0.2353002598       0.01817942163                   0         2.354666477       0.01946508247       0.01319273833
                2.37        0.2339605554       0.02461458422                   0         2.224234223       0.01912903191       0.01321930981
               2.382        0.2305901385       0.03251979954                   0         2.166212692       0.01747462915       0.01323259555
               2.394          0.22431598       0.04454035317                   0         2.041442818       0.01713534734       0.01331230998
               2.406        0.2221653861       0.06404447936                   0          1.98570441       0.01720966621       0.01307316669
               2.418        0.2209547026       0.08667648172                   0         1.966967157       0.01593008908        0.0136311677
                2.43        0.2195539433        0.1098168655                   0         1.900977814       0.01606257055       0.01344073879
               2.442        0.2186152821        0.1491048445                   0         1.719898525       0.01493809367       0.01315288112
               2.454        0.2210343029        0.1829553513                   0         1.686540521       0.01386208563       0.01323702413
               2.466        0.2221986565        0.2389614561                   0         1.551692919       0.01296379663       0.01370645356
               2.478        0.2223047977        0.3117889133                   0         1.477816673       0.01343555991       0.01360459623
                2.49        0.2285743957        0.3897259765                   0         1.391362356       0.01336124104       0.01393673969
               2.502        0.2323738213         0.480990479                   0         1.303046312       0.01340324736       0.01411831145
               2.514        0.2342878306        0.5862210604                   0         1.228730294       0.01343879117       0.01411831145
               2.526        0.2383836418        0.7080154591                   0         1.096982274       0.01306073429       0.01376402509
               2.538        0.2436484069        0.8393213193                   0          1.05940479       0.01350341628       0.01375073935
                2.55        0.2496205107        0.9991407243                   0        0.9498647647       0.01308658433       0.01406073992
               2.562        0.2591831675         1.142833332                   0        0.8957675649       0.01331600346       0.01351159606
               2.574        0.2665207297         1.311632628                   0        0.8259375791       0.01243387074       0.01381273946
               2.586        0.2731860648         1.460963259                   0        0.7872208651       0.01212690148       0.01424674026
               2.598        0.2811766695         1.616470776                   0        0.7891603018       0.01231431429         0.013870311
                2.61        0.2933663146         1.760964957                   0        0.7157700468       0.01174238209       0.01395002543
               2.622        0.3037079613         1.920919058                   0        0.6900012626       0.01135140019       0.01375073935
               2.634        0.3178127234         2.083818286                   0        0.6448361573       0.01144833785       0.01445931207
               2.646        0.3293066901          2.20128339                   0        0.6270530381       0.01085701811        0.0140208827
               2.658        0.3443696157         2.304203991                   0        0.6103279115       0.01055004885       0.01414931151
                2.67        0.3605549355         2.405381823                   0        0.5704100202      0.009755160024        0.0141714544
               2.682        0.3772115184         2.461741317                   0        0.5683181274      0.009839172664       0.01447259781
               2.694        0.3938586538         2.539216579                   0        0.5257153478       0.01053712383       0.01412716861
               2.706        0.4113193718         2.563773766                   0        0.5133244703        0.0100976731       0.01380388231
               2.718        0.4313385247           2.6041488      0.007305123002        0.5058797679       0.01029477967       0.01389688247
                2.73        0.4498239596         2.652612574       0.02099902583        0.4952873678      0.009919954049       0.01392788253
               2.742        0.4685396514         2.680328449       0.03588901619        0.4651216499      0.009241390417       0.01368873924
               2.754        0.4914474222         2.665017734       0.03771155615        0.4713944519      0.008756702108       0.01393231111
               2.766        0.5146518634         2.662456086       0.05149261772        0.4771884368      0.008908571112       0.01361788197
               2.778        0.5386921858         2.662924938       0.06293677636        0.4720258227      0.009306015525       0.01351159606
                2.79        0.5620476524         2.640155391        0.1039942498        0.4308828415      0.009913491538       0.01346288168
               2.802        0.5921414928         2.611720182        0.1347244095        0.4041732285       0.00989087275        0.0133078814
               2.814        0.6160449653         2.567186669        0.2160416876        0.4204975433      0.009519278381       0.01337431009
               2.826        0.6441609789         2.477513349        0.2757035376        0.4108523305      0.009674378639       0.01325473845
               2.838        0.6684993589         2.413702259        0.3035288076        0.4097303882       0.01035617353       0.01345402452
                2.85        0.6975102164           2.3516351        0.3654260226        0.4189111041       0.01108643724       0.01336988151
               2.862        0.7317273062         2.295708995        0.4341828476        0.3999225925       0.01118337491         0.013480596
               2.874        0.7612066579         2.220949204        0.5997850904        0.4063903336        0.0108505556       0.01285616629
               2.886        0.7944190245          2.13513258        0.6466427388        0.4065814815       0.01023338582       0.01325916703
               2.898        0.8233895187         2.039050937        0.6766407225        0.3646662963       0.00972284747       0.01346731026
                2.91        0.8562008506         1.949900326        0.8201987378        0.3709057229      0.008814864705       0.01352045322
               2.922        0.8857677424         1.884957178        0.9057582531        0.3874597412      0.009506353359       0.01322373839
               2.934         0.916704002          1.82268085        0.9723399204        0.3673702085      0.009176765309       0.01309530959
               2.946        0.9455434356         1.750773867        0.9973909462        0.3516362719      0.009254315439       0.01321930981
               2.958        0.9753541865          1.65506521         1.137958905        0.3435464011      0.009089521414       0.01317502402
                2.97         1.012839795         1.584169384         1.255425686        0.3618831839        0.0093512531        0.0127675947
               2.982         1.047769815         1.511160614         1.405561439        0.3556386024      0.008927958644       0.01284288055
               2.994         1.079222464         1.441199421         1.521346752          0.34526805      0.009289859248       0.01279859476
               3.006         1.111197502         1.381254092         1.644797926        0.3664065097      0.009671147384       0.01323259555
               3.018         1.144812781         1.326051842         1.771573961        0.3554997916       0.00955482219       0.01249745135
                3.03         1.174913329         1.255276158          1.93861679        0.3532773471      0.009994272923       0.01239559402
               3.042         1.208716135         1.201199497         2.137965147        0.3455385569       0.01058559266       0.01251959425
               3.054           1.2322308         1.155977814         2.243284316        0.3700232964       0.01126738755       0.01233802249
               3.066         1.267684019         1.106341091         2.300964936        0.3645490854       0.01151296296       0.01199259329
               3.078         1.292376099         1.070317123         2.456794438        0.3899086002       0.01205258261       0.01271445175
                3.09         1.327112473         1.045781567         2.464879683        0.3851904389       0.01279577135       0.01207230772
               3.102          1.34648252         1.021557293          2.51931668        0.3962371404       0.01419167368       0.01254173715
               3.114         1.369075184        0.9796182983         2.652983452        0.4118329672       0.01412381731       0.01165602125
               3.126         1.394621816        0.9663085008         2.858531156        0.4097817075       0.01409473601       0.01198373613
               3.138         1.410704245        0.9560091989         3.000577573        0.4115860744       0.01327399714       0.01190845028
                3.15         1.427278573        0.9059537369         3.099589402        0.4459840866       0.01336770355       0.01177116431
               3.162         1.441851892        0.8900258973         3.144657643        0.4685140464       0.01308658433       0.01175787858
               3.174         1.461270487        0.8837168967         3.336271495          0.46390673       0.01349049126       0.01209002204
               3.186         1.477883518        0.8633842703         3.425494055        0.4822168412        0.0134581787       0.01144344943
               3.198         1.484243436        0.8479045825         3.593493194        0.5052525306       0.01388470441       0.01141244937
                3.21         1.494881512        0.8392991081         3.642094909        0.5001726544       0.01412058606        0.0111467346
               3.222         1.499729808        0.8211602739          3.51728502        0.5606550242       0.01457619307       0.01095630569
               3.234         1.507438234        0.8092132939         3.476783279        0.5616620064       0.01341617238       0.01058430501
               3.246          1.51235778        0.7967372894         3.252907623        0.6061748027       0.01295087161       0.01038944751
               3.258         1.514573547        0.7920249209         3.142049099        0.6151908431       0.01216244529       0.01088987699
                3.27         1.512586408        0.7562130933         3.005473591        0.6601443254       0.01160990062       0.01085887694
               3.282         1.509029074        0.7612225522         2.833732862        0.6813784818       0.01118014365       0.01033187598
               3.294         1.506497811        0.7447442756         2.714644753        0.7127310244       0.01143218157       0.01037616177
               3.306         1.504194678        0.7382816946         2.628808889          0.74706759       0.01118014365      0.009990875355
               3.318         1.498337273        0.7342428039         2.495121444        0.7764778718        0.0109087182      0.009703017687
                3.33         1.487075103        0.7322049983         2.468897549        0.8061755942       0.01099273084      0.009955446719
               3.342         1.485058762        0.7392736319         2.460863142        0.8269717784       0.01064375526       0.01003958973
               3.354         1.476229307        0.7283886161         2.409704238        0.8330582141       0.01103796841       0.01025659012
               3.366         1.460652979        0.7348326244         2.169635814        0.8554700159       0.01119306867       0.00994216098
               3.378         1.446116132         0.723089971         2.143370737        0.9054464423       0.01098303707      0.009574588882
                3.39          1.43306377        0.7175474865         1.952123626        0.9248755069       0.01078269924      0.009649874733
               3.402         1.419829893        0.7109696549         1.735072971        0.9792134475      0.009907029027      0.009725160585
               3.414         1.404651729        0.7053777539         1.496943356        0.9855378699      0.009002277518       0.00994216098
               3.426         1.390282297        0.7085459838         1.425784037         1.022555208      0.008123376052      0.009539160246
               3.438         1.373564107        0.7114789358         1.296681449         1.058804324       0.00732525597      0.009362017066
                3.45         1.360016809        0.7087259999         1.221932693          1.05666573      0.007806713024      0.009317731271
               3.462         1.343389932        0.7095104614         1.159894369          1.10293527      0.007819638045      0.009348731327
               3.474         1.329848759          0.71899754         1.059332128         1.103377807      0.007506206272      0.009441731497
               3.486         1.311756631        0.7144648413        0.8593160393           1.1368729      0.008155688606      0.009096302296
               3.498         1.294584617        0.7103553533        0.7449322159          1.18289414      0.008133069818       0.00923801684
                3.51         1.281245832        0.7203164103        0.7503603031         1.192998415      0.008113682286      0.009016587865
               3.522         1.263545597        0.7165764746        0.7770151279         1.228823756      0.007671000297      0.009083016557
               3.534          1.25380978        0.7226651171        0.7687224837         1.266944532       0.00752882506      0.009167159568
               3.546         1.235919796         0.732715339        0.7429273283         1.288427406      0.008045825922      0.009043159342
               3.558         1.225249105        0.7417205654        0.7383507692         1.320249614      0.008242932501      0.009486017292
                3.57         1.212731111        0.7479536311         0.787172098         1.338065535       0.00823646999      0.008693301561
               3.582         1.194594782        0.7575983901         0.807563725          1.32448863      0.008036132156      0.008781873151
               3.594         1.177992955        0.7508234904        0.8071936118         1.336548843       0.00844003908       0.00906087366
               3.606         1.168854833        0.7591550064        0.7682131134         1.370830856      0.009095983924      0.008640158607
               3.618         1.153032153        0.7666267146        0.7532309683         1.408546034      0.008743777087      0.008538301278
                3.63         1.139785134         0.774724296        0.7417062658         1.390648054      0.009112140201       0.00852058696
               3.642         1.129325525         0.790190108        0.6880032265         1.360952568      0.008297863843      0.008330158042
               3.654         1.119501392        0.7980967329         0.694809173         1.370217043      0.008307557609      0.009153873829
               3.666         1.108713858        0.7960291109        0.6762136315         1.381941338      0.008136301073      0.009176016727
               3.678         1.094978203         0.805711556        0.6690157941         1.407047529      0.008423882803      0.008857159002
                3.69         1.087921455        0.8218068486        0.6809217201          1.41713365      0.008730852065      0.008529444119
               3.702         1.081004926        0.8292887125        0.6284732843         1.400282581      0.008860102281      0.008653444345
               3.714         1.075362803        0.8409418849        0.6760622783         1.356428194      0.008588676828      0.008547158437
               3.726         1.062274008        0.8544888273        0.6658837698         1.378608751      0.008927958644      0.008037871795
               3.738         1.052193872        0.8687520968        0.6681812416         1.369192197      0.008908571112      0.008192872077
                3.75         1.044291908        0.8773941608        0.6612253795         1.369845613      0.008433576569      0.008148586282
               3.762           1.0365388        0.8869495197          0.69819629         1.334428136      0.008456195357      0.008268157929
               3.774         1.027963895        0.8943570359        0.6566312511         1.334480823      0.008155688606      0.008330158042
               3.786         1.020092255        0.8989636762        0.6110603157         1.326787771      0.008740545831      0.008378872416
               3.798         1.017281813        0.9042782136        0.6244148136         1.298214142      0.008184769904      0.007967014523
                3.81         1.005251193        0.9095434731        0.6197441451         1.282799744      0.008336638908       0.00781644282
               3.822         1.001408708        0.9079341998        0.6103169955         1.300802749       0.00818800116      0.007847442876
               3.834        0.9956773123        0.9045906282        0.6424814902          1.29450842       0.00736079978      0.007829728558
               3.846        0.9892999999        0.8991862153        0.5895892921         1.271484334      0.007118455625      0.007510870834
               3.858        0.9866400838        0.8976989411        0.5968046211         1.281353299      0.007050599262      0.007479870778
                3.87        0.9779856627        0.8989467546        0.5725702281         1.240628883        0.0065335984      0.007493156516
               3.882        0.9720112605        0.8897484128        0.6012657023         1.236551799      0.006527135889      0.007236298905
               3.894        0.9700689185        0.8914137658        0.5534333145         1.204028877      0.006708086191      0.006970584135
               3.906        0.9654651074        0.8908409514         0.522801419         1.208668775      0.007005361687      0.007338156234
               3.918        0.9614379107        0.8905932376        0.5705798889         1.188971771      0.006943967834      0.007187584531
                3.93        0.9603674816         0.891895982        0.5761855474         1.153244633      0.006536829655      0.007050298566
               3.942        0.9607282687        0.9012477889        0.5640006348         1.160820272      0.007234780819       0.00745772788
               3.954        0.9551358152        0.9081466529        0.5833647517         1.113053042      0.007693619085       0.00701486993
               3.966        0.9539011709        0.9202500885        0.6405686941         1.091917445      0.007800250513       0.00683329817
               3.978        0.9514135619        0.9292896793        0.6356867573          1.10034513      0.007525593805      0.006673869308
                3.99        0.9530736617        0.9282819896        0.6606825913         1.076787199      0.007208930776      0.007006012771
               4.002        0.9517042854        0.9357095925        0.6530199087         1.058040512      0.006834105151      0.006682726467
               4.014         0.944485997        0.9395761446        0.6360584815         1.013540266      0.007422193632      0.006616297775
               4.026        0.9483584388        0.9338248983        0.5883230039         1.015831061       0.00719923701      0.006877583965
               4.038        0.9445243059        0.9375502058        0.5699376422         1.023868813      0.006620842295      0.006704869365
                4.05         0.941473543        0.9358881078        0.5997958377        0.9916536779      0.006326798055      0.006846583909
               4.062        0.9358049264        0.9322252753        0.5347671806        0.9768086757      0.005476977887      0.006851012488
               4.074        0.9355722949        0.9368058034        0.5075603438        0.9525291653      0.004888889406      0.007355870552
               4.086        0.9352338939        0.9398490961        0.5032904839        0.9584176524      0.005037527154      0.007479870778
               4.098        0.9366891066        0.9409534154        0.5353747958        0.9324069447      0.004892120661      0.007502013675
                4.11        0.9353096179        0.9466435386        0.5280998504        0.9319221195      0.004959977024      0.007307156177
               4.122        0.9319691016        0.9477140882        0.5291585998        0.9209455943      0.004808108021       0.00719644169
               4.134        0.9332053153         0.949999347        0.4809343499        0.9058175855      0.004830726809      0.006970584135
               4.146        0.9309182439        0.9552722288        0.4856893249        0.9239713531       0.00475963919      0.006766869478
               4.158        0.9332870217        0.9546219579        0.4688433974        0.9128711823      0.004106925601      0.007577299527
                4.17         0.929351923        0.9535790943        0.4866321433        0.8806241752      0.004598076421       0.00790058583
               4.182        0.9289902555        0.9675693043        0.4856948698        0.8974863588      0.004766101701      0.007586156686
               4.194        0.9274438334        0.9776535894        0.4866012022        0.9006417585      0.005124771049      0.007271727541
               4.206        0.9271443702        0.9837527661        0.5183005751        0.8945947242      0.005237864988      0.007519727993
               4.218        0.9310606418        0.9877060984         0.491999373         0.925304616      0.005548065506      0.007329299075
                4.23         0.929986525         1.006928261        0.5223889776        0.8981953669      0.005884116066      0.007023727089
               4.242        0.9300973675         1.026402979         0.551827511          0.91036544       0.00595843494      0.006975012714
               4.254        0.9293827155         1.042110975         0.588381446        0.9317779159      0.005489902909      0.007386870608
               4.266        0.9317609367         1.056543624        0.5758831614         0.924615704      0.004856576852      0.007608299583
               4.278         0.931834799         1.076208977        0.5629258941        0.9088201182      0.004979364557       0.00772787123
                4.29        0.9330522223         1.095144696        0.5712171369        0.9140060656      0.004543145079      0.007214156008
               4.302        0.9329178132          1.09874508        0.6173151102        0.9455097992      0.005031064643      0.007435584983
               4.314        0.9343239176         1.111604664        0.6211350662        0.9299627252      0.004811339277      0.007652585378
               4.326        0.9381810039         1.125888611         0.703052142         0.943843175      0.004630388975      0.007617156742
               4.338        0.9372083449         1.139251176        0.7321475031        0.9205614904      0.005273408797      0.007510870834
                4.35         0.939731474         1.152150579        0.7820162979        0.9641160085      0.006268635458       0.00745772788
               4.362         0.938025739          1.17058164        0.7845266889        0.9449207029      0.007144305668       0.00772344265
               4.374        0.9405982573          1.17270149        0.8225396329        0.9470770979      0.007965044538      0.007564013788
               4.386         0.940592655         1.176935883        0.7967241061        0.9491957792      0.008520820465      0.008157443441
               4.398        0.9434340464          1.18148753        0.8166559791        0.9184938446      0.009852097686      0.007874014353
                4.41         0.943924802         1.189355029        0.8177674725        0.9437486169       0.01028508591      0.008339015201
               4.422        0.9418226496         1.182260324        0.8401059261        0.9121386615       0.01078269924      0.008277015088
               4.434         0.944646354         1.187659986        0.8542305297        0.9168155428       0.01193302616      0.008042300374
               4.446        0.9459654735          1.18396168        0.8425271108        0.9004064846       0.01293471533      0.007949300205
               4.458        0.9464054381         1.180699716        0.8265923863        0.8899988654       0.01231431429      0.007834157138
                4.47        0.9428464069         1.182771766        0.8348545936        0.9033229337       0.01172945707      0.008011300318
               4.482        0.9446357876         1.179593815        0.8438225278        0.8843883354       0.01178115715      0.008029014636
               4.494        0.9460617989         1.171563645        0.9047898139        0.8827445807       0.01114136859       0.00798915742
               4.506        0.9494948822         1.162513683         1.024900103        0.8715371988       0.01084086184      0.008020157477
               4.518        0.9469904125         1.160106637         1.055683527        0.8511828488       0.01025600461      0.008471872586
                4.53        0.9481391616         1.159687395         1.123470645        0.8441808917      0.009396490676      0.008201729236
               4.542         0.945631352         1.157587144          1.16803026        0.8484896186      0.008478814145       0.00834787236
               4.554        0.9467963768         1.165364739         1.239688556        0.8450647745      0.007842256833      0.008060014692
               4.566        0.9486243308         1.160521079         1.301259653        0.8304040114      0.007218624542      0.008099871908
               4.578        0.9490427187         1.153791101         1.355989019          0.82296637      0.007118455625      0.008020157477
                4.59        0.9503443751         1.144773564         1.385538207        0.8143142835      0.006546523421      0.007975871682
               4.602         0.951386993         1.136740297         1.425463595        0.8387403332      0.006197547839      0.007820871399
               4.614        0.9494464528         1.128356535         1.416537628        0.8404671629       0.00583241598      0.007807585661
               4.626        0.9518183404         1.123094565         1.356744027        0.8432996333      0.005919659875      0.007541870891
               4.638        0.9514550492         1.110648134         1.336937584        0.8457152556      0.005855034768      0.007882871512
                4.65        0.9496585981         1.110517062         1.340279213         0.873677353      0.006368804375      0.007657013958
               4.662        0.9544086341         1.108780327         1.389753165        0.8755171808      0.006297716756      0.007466585039
               4.674        0.9502435679         1.106740918         1.346806909        0.8655927016      0.007137843158      0.007891728671
               4.686        0.9527774425         1.099722286         1.300349511        0.8831612113      0.007192774499      0.007714585491
               4.698        0.9530899155          1.09181383         1.297382775        0.8826897511      0.007709775362      0.007502013675
                4.71        0.9543599112         1.102683923         1.290050529        0.9070249663       0.00856605804      0.007652585378
               4.722        0.9614845731         1.096425766         1.236547622        0.9208153118      0.008921496133      0.007072441463
               4.734        0.9599685035         1.097915014         1.205242632        0.9474579692      0.009163840288      0.006939584078
               4.746        0.9584535526         1.097100982         1.115298529        0.9478240558       0.01004920426       0.00648344039
               4.758         0.959499557         1.098528811         1.046269628        0.9537764368       0.01011382937      0.006576440559
                4.77        0.9629286668         1.100380186         1.005671199        0.9590640311      0.009991041668      0.006771298057
               4.782        0.9639906713         1.091642951        0.9841104118        0.9548466969      0.009189690331      0.006625154934
               4.794        0.9675962113           1.0922751        0.9209550768        0.9762546486      0.007622531466      0.006616297775
               4.806        0.9677102608         1.102811746        0.9161281476        0.9977876191      0.006640229828      0.006501154708
               4.818         0.971695132         1.099745919        0.9415607594         1.000146762      0.006711317446      0.005845724942
                4.83        0.9751823674         1.085372735        0.9597897178         1.012533043      0.005667621955      0.006093725394
               4.842         0.976030816         1.080540366        0.9810492182         1.025705142      0.004814570532      0.006359440164
               4.854        0.9797711523         1.086104174        0.9752883467          1.02384662      0.004672395295       0.00621329704
               4.866        0.9841591891         1.077418324         1.011281686         1.033389941      0.004452669928      0.006062725337
               4.878         0.988926042         1.076667099         1.023549064         1.037837474      0.004181244475      0.005943153691
                4.89         0.986659462          1.08500228         1.082852867         1.036699592       0.00430403218      0.006226582779
               4.902        0.9914883115         1.082833713         1.087664068         1.038030833      0.003896894001       0.00577486767
               4.914        0.9941635146         1.079779405           1.0823584         1.029167961      0.003528530886      0.006257582835
               4.926        0.9956836101         1.068029473         1.081761896         1.053183276      0.003460674523      0.005633153126
               4.938        0.9990127734         1.067622621         1.088904671         1.079277161      0.003341118074      0.005761581931
                4.95         1.002519988         1.069878127         1.102132562         1.033414465      0.003169861538      0.005779296249
               4.962         1.002147611         1.075098379         1.131001324         1.058231471      0.003027686301      0.005491438582
               4.974         1.006034536         1.076101004         1.113335446         1.049968685      0.003169861538      0.005194723755
               4.986         1.010018922         1.070155607         1.162253204         1.048285529      0.003344349329      0.005274438186
               4.998         1.013360237         1.070413692         1.079120452         1.051359295      0.003463905779      0.005389581253
                5.01         1.015263858         1.058800958         1.084062509         1.030095891      0.003286186732      0.005447152787
               5.022         1.018367273         1.051111333         1.113766763         1.014693946      0.003816112616       0.00497329478
               5.034         1.021869036         1.039987641         1.103139092         1.012098172      0.004274950882      0.004933437564
               5.046         1.024387376         1.046855707          1.13181046         1.016509918      0.004620695208      0.004906866087
               5.058         1.027210198         1.041967979         1.154713072        0.9915470948      0.004872733129      0.004605722681
                5.07         1.027607111         1.034415413         1.176126746         1.001870195      0.004727326636      0.004658865635
               5.082         1.032010425         1.040328917           1.1523997          1.01835357      0.004323419713      0.004570294045
               5.094         1.031468549         1.038325089         1.205417349         1.000458964      0.004691782827      0.004495008194
               5.106         1.036686724         1.039831116         1.203691078        0.9894485557      0.004947052003      0.004459579558
               5.118          1.04178581         1.031572704         1.137892996         0.988728678      0.005063377197      0.004096436039
                5.13         1.040198706         1.032689409         1.130935226         0.973855193      0.005244327499      0.004127436095
               5.142         1.043157294         1.024855493         1.107292973        0.9712541222      0.005263715031      0.004158436152
               5.154         1.045287017         1.020978766         1.088937385        0.9729330481       0.00517323988       0.00399457871
               5.166         1.044618871         1.011824373         1.131000934        0.9621495518       0.00463362023      0.003945864336
               5.178         1.049543214         1.010060182         1.141263467        0.9642367973      0.004071381792      0.003932578597
                5.19          1.05108443         1.008206064         1.166445454        0.9749095812      0.003651318591      0.003852864166
               5.202         1.051669606         1.002559656         1.159873571        0.9922542903      0.003337886818      0.003560577919
               5.214         1.053391522        0.9931670211         1.240297644        0.9666500282      0.003237717901      0.003666863827
               5.226         1.057664767        0.9835614253         1.267805107        0.9872123307      0.002882279808      0.003441006272
               5.238         1.056080619        0.9791037182         1.314717386        0.9929224066      0.002585004312         0.003370149
                5.25         1.053503803        0.9726935997         1.355705651        0.9887801183      0.002494529161      0.003051291276
               5.262         1.056800584        0.9703040741         1.388315626        0.9694625751      0.002578541802      0.003117719969
               5.274          1.05631775        0.9718189207         1.348439635        0.9758240497      0.002630241888      0.002891862414
               5.286         1.058349955        0.9544803911         1.353912684        0.9956376444      0.002694866996      0.002683719178
               5.298         1.055187683        0.9523282928         1.359130102        0.9933435663      0.002746567082      0.002670433439
                5.31         1.051095277        0.9476642815         1.375196279          1.01077405      0.002594698079      0.002688147757
               5.322         1.055196354        0.9438431393         1.319462332         1.010412815      0.002837042233      0.002683719178
               5.334         1.052739096        0.9423108653         1.288873808         1.031952605      0.002342660158      0.002568576111
               5.346         1.053533311        0.9335233905         1.275540949         1.029307729      0.002009840853      0.002555290372
               5.358         1.052506104        0.9297583342          1.23035714         1.041808903      0.001709334102      0.002550861793
                5.37         1.050169016        0.9249541118         1.172651009         1.038280849      0.001880590637      0.002497718839
               5.382         1.048665899        0.9222417423         1.099423944         1.050144562      0.001647940249      0.002431290146
               5.394          1.04696996        0.9211812919         1.154263282         1.052989339      0.001347433498      0.002214289751
               5.406         1.045702276        0.9231636661         1.236304538         1.049150744      0.001163251941      0.002431290146
               5.418          1.04530223        0.9233102031         1.231385704         1.068959716      0.001276345879      0.002143432479
                5.43         1.045810664        0.9225109315         1.228877646         1.074307021      0.001344202242      0.002023860832
               5.442         1.043228307         0.924839379         1.243873387          1.10191948      0.001421752372      0.002245289807
               5.454         1.042147362        0.9294767894         1.306802978         1.123926759      0.001567158864      0.002320575659
               5.466         1.040753326        0.9348387305         1.318411789         1.108701405      0.001470221203       0.00204157515
               5.478         1.036980769        0.9273791336         1.326849193         1.109154567       0.00136682103      0.002090289525
                5.49         1.038506182        0.9251427192         1.375308244         1.107802644      0.001541308821      0.002227575489
               5.502         1.036123215        0.9239752911          1.34596185         1.135777874      0.001399133584      0.002116861002
               5.514         1.035726149        0.9197382541         1.322360052         1.123739797      0.001554233843      0.002116861002
               5.526         1.034461559        0.9148616278         1.292411414          1.11957149      0.001812734274      0.001926432083
               5.538         1.032329549        0.9158784299         1.257782692         1.141823152      0.001993684576      0.002121289581
                5.55         1.030870944        0.9149701301         1.232551599         1.127429927      0.001887053148      0.002214289751
               5.562         1.029373768        0.9193444042         1.224273276         1.152139192      0.002303885093      0.002174432535
               5.574          1.03136489        0.9184451074         1.146575822         1.160297908      0.002252185007      0.001798003278
               5.586         1.029858029        0.9209985903         1.108448155         1.131277794      0.002200484921      0.001939717822
               5.598         1.028469404          0.91818595         1.082863516         1.121697123      0.002358816435      0.001930860663
                5.61         1.028303963        0.9183611577         1.068976242          1.13550861      0.002294191327      0.001904289186
               5.622         1.027463848        0.9192149007          1.04905076         1.142959926       0.00194198449      0.001806860437
               5.634         1.025033374        0.9188872121         1.020784289         1.148297317      0.002064772195      0.001736003164
               5.646         1.026803649        0.9202792026         1.042521251         1.159758336      0.002048615918      0.001364002486
               5.658         1.023385323        0.9201473065         1.025460439         1.163778751      0.001770727954      0.001550002825
                5.67         1.020670159        0.9148177809         1.079205845         1.137622961      0.001748109166      0.001381716804
               5.682          1.02059155        0.9159512792          1.08468166          1.17218834      0.001980759554       0.00133300243
               5.694         1.021240366        0.9145993717         1.040998092         1.141202898      0.001757802932      0.001310859532
               5.706         1.016817896        0.9196440828         1.028667976         1.141546302      0.001715796612      0.001279859476
               5.718         1.015238685        0.9158457781         1.036404201         1.156649536      0.001660865271      0.001200145045
                5.73         1.014561273        0.9177692882         1.053764388         1.152385294      0.001683484058      0.001058430501
               5.742         1.012132111        0.9112767916         1.104525337         1.150192582      0.001551002587      0.001036287603
               5.754         1.009883835        0.9087838095         1.085090166          1.14491112      0.001609165184     0.0009167159568
               5.766         1.008562737         0.904876261         1.121158893         1.144857923      0.001214952027     0.0007528585152
               5.778         1.004477903        0.9035899413         1.155625747         1.156353165      0.001321583455     0.0008237157872
                5.79         1.003140828        0.8977326464         1.144723343         1.128947378      0.001247264581     0.0007174298792
               5.802          1.00058604         0.895778833         1.085806945         1.143119211       0.00148637748     0.0006332868687
               5.814         1.000462646        0.8952070069         1.090110309         1.156525934      0.001305427178     0.0005757153352
               5.826         1.001914165        0.8965200479         1.093256069         1.121716342      0.001140633153     0.0005978582327
               5.838         1.000253849        0.8987748509         1.100642041         1.119959884     0.0008368951462     0.0005181438016
                5.85        0.9969391698        0.8899700511         1.075157913         1.138866302     0.0007755012937     0.0005314295401
               5.862        0.9953333678        0.8865843668         1.053485148         1.142767543     0.0004943820748     0.0004428579501
               5.874        0.9946397681        0.8909449535         1.055910761         1.121758551     0.0004620695208     0.0003675720986
               5.886        0.9921101454        0.8996341229         1.011109257         1.117267161     0.0002100316004     0.0004340007911
               5.898        0.9947862744        0.9038718658         0.968369765         1.103727442     0.0001421752372     0.0003055719856
                5.91        0.9894826862        0.9036238523        0.9936433761         1.106202729     5.816259703e-05     0.0002524290316
               5.922        0.9909944878         0.907659603        0.9994690355         1.110033855     3.877506469e-05     0.0002214289751
               5.934        0.9882640018        0.9211332115        0.9770394515         1.114054866     9.693766172e-06     0.0001727146005
               5.946        0.9880527484        0.9350625741        0.9695889902         1.112844542     6.462510781e-06     0.0002037146571
               5.958        0.9861049443        0.9334522873         0.994268652         1.103045291                   0      0.000115143067
                5.97        0.9839689186        0.9399278277        0.9321309876         1.101416635                   0     9.300016953e-05
               5.982        0.9819091064        0.9431697265        0.9102976283          1.10235595                   0     8.414301052e-05
               5.994        0.9796051538         0.946735794        0.9195743442         1.109061936                   0     3.100005651e-05
