                  #X                  OH                  OO                 OCl                 HCl
               0.006                   0         4226455.093                   0                   0
               0.018                   0                   0                   0                   0
                0.03                   0                   0                   0                   0
               0.042                   0                   0                   0                   0
               0.054                   0                   0                   0                   0
               0.066                   0                   0                   0                   0
               0.078                   0                   0                   0                   0
                0.09                   0                   0                   0                   0
               0.102                   0                   0                   0                   0
               0.114                   0                   0                   0                   0
               0.126                   0                   0                   0                   0
               0.138                   0                   0                   0                   0
                0.15                   0                   0                   0                   0
               0.162                   0                   0                   0                   0
               0.174                   0                   0                   0                   0
               0.186                   0                   0                   0                   0
               0.198                   0                   0                   0                   0
                0.21                   0                   0                   0                   0
               0.222                   0                   0                   0                   0
               0.234                   0                   0                   0                   0
               0.246                   0                   0                   0                   0
               0.258                   0                   0                   0                   0
                0.27                   0                   0                   0                   0
               0.282                   0                   0                   0                   0
               0.294                   0                   0                   0                   0
               0.306                   0                   0                   0                   0
               0.318                   0                   0                   0                   0
                0.33                   0                   0                   0                   0
               0.342                   0                   0                   0                   0
               0.354                   0                   0                   0                   0
               0.366                   0                   0                   0                   0
               0.378                   0                   0                   0                   0
                0.39                   0                   0                   0                   0
               0.402                   0                   0                   0                   0
               0.414                   0                   0                   0                   0
               0.426                   0                   0                   0                   0
               0.438                   0                   0                   0                   0
                0.45                   0                   0                   0                   0
               0.462                   0                   0                   0                   0
               0.474                   0                   0                   0                   0
               0.486                   0                   0                   0                   0
               0.498                   0                   0                   0                   0
                0.51                   0                   0                   0                   0
               0.522                   0                   0                   0                   0
               0.534                   0                   0                   0                   0
               0.546                   0                   0                   0                   0
               0.558                   0                   0                   0                   0
                0.57                   0                   0                   0                   0
               0.582                   0                   0                   0                   0
               0.594                   0                   0                   0                   0
               0.606                   0                   0                   0                   0
               0.618                   0                   0                   0                   0
                0.63                   0                   0                   0                   0
               0.642                   0                   0                   0                   0
               0.654                   0                   0                   0                   0
               0.666                   0                   0                   0                   0
               0.678                   0                   0                   0                   0
                0.69                   0                   0                   0                   0
               0.702                   0                   0                   0                   0
               0.714                   0                   0                   0                   0
               0.726                   0                   0                   0                   0
               0.738                   0                   0                   0                   0
                0.75      0.002028561346                   0                   0                   0
               0.762      0.003930348088                   0                   0                   0
               0.774       0.02571361194                   0                   0                   0
               0.786       0.04802194629                   0                   0                   0
               0.798       0.08959339117                   0                   0                   0
                0.81        0.1808736472                   0                   0                   0
               0.822        0.3369081287                   0                   0                   0
               0.834        0.6439023419                   0                   0                   0
               0.846         1.013979198                   0                   0                   0
               0.858         1.535298276                   0                   0                   0
                0.87         2.338225243                   0                   0                   0
               0.882         3.209396581                   0                   0                   0
               0.894         4.403755046                   0                   0                   0
               0.906         5.647426235                   0                   0                   0
               0.918         7.309732709                   0                   0                   0
                0.93         8.398749902                   0                   0                   0
               0.942         9.794814476                   0                   0                   0
               0.954         10.96232759                   0                   0                   0
               0.966         11.61978194                   0                   0                   0
               0.978         12.30569117                   0                   0                   0
                0.99         12.69783369                   0                   0                   0
               1.002         12.47734863                   0                   0                   0
               1.014         12.12939818                   0                   0                   0
               1.026         11.51780286                   0                   0                   0
               1.038         10.69332459                   0                   0                   0
                1.05         9.618689722                   0                   0                   0
               1.062         8.634642593                   0                   0                   0
               1.074         7.615260487                   0                   0                   0
               1.086         6.489095631                   0                   0                   0
               1.098         5.390670548                   0                   0                   0
                1.11         4.476889717                   0                   0                   0
               1.122         3.738534491                   0                   0                   0
               1.134         3.011629993                   0                   0                   0
               1.146          2.46146298                   0                   0                   0
               1.158         1.850369001                   0                   0                   0
                1.17         1.472509308                   0                   0                   0
               1.182         1.178957209                   0                   0                   0
               1.194        0.9040529414                   0                   0                   0
               1.206        0.6888366636                   0                   0                   0
               1.218        0.5245733491                   0                   0                   0
                1.23        0.3718375023                   0                   0                   0
               1.242        0.2840564085                   0                   0                   0
               1.254        0.2158780668                   0                   0                   0
               1.266         0.183683007                   0                   0                   0
               1.278        0.1474135803                   0                   0                   0
                1.29        0.1268554451                   0                   0                   0
               1.302        0.1050073003                   0                   0                   0
               1.314        0.1024372443                   0                   0                   0
               1.326        0.1087038026                   0                   0                   0
               1.338        0.1112244408                   0                   0                   0
                1.35        0.1277261167                   0                   0                   0
               1.362        0.1285609873                   0                   0                   0
               1.374        0.1444580048                   0                   0                   0
               1.386        0.1844388342                   0                   0                   0
               1.398        0.2148576131                   0                   0                   0
                1.41        0.2330263992                   0                   0                   0
               1.422        0.2564791436                   0                   0                   0
               1.434        0.3221226954                   0                   0                   0
               1.446        0.3413564969                   0                   0                   0
               1.458        0.4031274532                   0                   0                   0
                1.47        0.4409296785                   0                   0                   0
               1.482        0.4925263778                   0                   0                   0
               1.494        0.5355135192                   0                   0                   0
               1.506        0.5861295556                   0                   0                   0
               1.518        0.6650436412                   0                   0                   0
                1.53        0.7153407396                   0                   0                   0
               1.542        0.7786346094                   0                   0       0.01511678903
               1.554        0.8306816582                   0                   0                   0
               1.566        0.9080355517                   0                   0       0.01465699199
               1.578        0.9721804488                   0                   0                   0
                1.59         1.027071001                   0                   0                   0
               1.602         1.075545411                   0                   0                   0
               1.614          1.13298291                   0                   0                   0
               1.626         1.170702729                   0                   0       0.01359525749
               1.638         1.205073169                   0                   0                   0
                1.65         1.243981814                   0                   0       0.05281054871
               1.662         1.275242099                   0                   0       0.06506337237
               1.674         1.311182192                   0                   0       0.08978747617
               1.686          1.37306962                   0                   0        0.1011587617
               1.698         1.348585925                   0                   0       0.03740025528
                1.71         1.383772405                   0                   0       0.08604676121
               1.722         1.376290509                   0                   0        0.1939467123
               1.734         1.394688954                   0                   0        0.1554081977
               1.746         1.359301505                   0                   0        0.2122329487
               1.758          1.37717567                   0                   0        0.1860848626
                1.77         1.348002899                   0                   0         0.229462801
               1.782         1.318949371                   0                   0         0.249021091
               1.794         1.299236362                   0                   0        0.3573830681
               1.806         1.285001918                   0                   0        0.3416292875
               1.818         1.230807509                   0                   0        0.3588848261
                1.83         1.191037699                   0                   0        0.5473900913
               1.842         1.161108587                   0                   0        0.5508749792
               1.854         1.118905202                   0                   0        0.4496534925
               1.866         1.085716899                   0                   0        0.6193796981
               1.878         1.001354692                   0                   0        0.7541705292
                1.89        0.9661586778                   0                   0         0.825124108
               1.902        0.9224633009                   0                   0        0.9141045123
               1.914        0.8802515641                   0                   0         1.147971387
               1.926        0.8493219996                   0                   0         1.007743162
               1.938        0.8052649808                   0                   0         1.167565863
                1.95        0.7550226511                   0                   0         1.257220746
               1.962        0.7237312178                   0                   0          1.26990151
               1.974        0.6806970271                   0                   0         1.337527929
               1.986        0.6374897153                   0                   0         1.439884871
               1.998        0.6114183218                   0                   0         1.755791043
                2.01        0.5773077984                   0                   0          1.69930155
               2.022        0.5505203434                   0                   0         1.986896996
               2.034        0.5126008783                   0                   0         1.746318246
               2.046        0.4805734192                   0                   0         2.180980106
               2.058        0.4549137157                   0                   0         2.164106853
                2.07        0.4322117308                   0                   0         2.189420052
               2.082          0.39710248                   0                   0         2.205715399
               2.094        0.3833258797                   0                   0         2.270678862
               2.106        0.3466816082                   0                   0         2.009852856
               2.118        0.3465799024                   0                   0          2.21149774
                2.13        0.2979165616                   0                   0         2.329257304
               2.142        0.2921008964                   0                   0         2.162218129
               2.154        0.2812312552                   0                   0         2.362859015
               2.166        0.2621927525                   0                   0         2.275458531
               2.178        0.2462016363                   0                   0         2.053444326
                2.19        0.2300684651                   0                   0         2.083463857
               2.202        0.2255674088                   0                   0         2.172012936
               2.214        0.2167271511                   0                   0         1.957877233
               2.226        0.1943618447                   0                   0         1.958587072
               2.238        0.1885240387                   0                   0         1.973522037
                2.25        0.1790802835                   0                   0         2.002228016
               2.262        0.1689337236                   0                   0         1.580617513
               2.274        0.1663831548     0.0008826692563                   0         1.605685711
               2.286         0.153504748      0.001310140097                   0         1.685167699
               2.298        0.1507173029      0.003457314475                   0         1.769712847
                2.31        0.1486208722      0.002993801741                   0         1.515612132
               2.322        0.1463479773      0.004656045555                   0         1.439987907
               2.334        0.1316505141      0.005027227268                   0         1.405424223
               2.346        0.1263678757       0.01575711001                   0         1.169032432
               2.358        0.1287790238       0.01847029824                   0         1.215345624
                2.37        0.1247356771       0.03087919041                   0         1.132677146
               2.382        0.1216720651       0.04102661369                   0         1.292338331
               2.394        0.1172697585       0.07087951447                   0        0.9783762194
               2.406        0.1154129895       0.09658815517                   0         1.005896645
               2.418        0.1112452071        0.1327135803                   0        0.7992089875
                2.43        0.1182654612        0.1654170503                   0        0.8582941928
               2.442        0.1146184594        0.2365082067                   0        0.8800171864
               2.454        0.1181425697        0.2967301752                   0        0.8415881692
               2.466        0.1210298933        0.3846686532                   0        0.7802206147
               2.478        0.1191172104        0.4995117965                   0         0.737560387
                2.49        0.1211926221        0.5988774372                   0        0.7826448376
               2.502          0.12613935        0.7670439085                   0        0.6373500537
               2.514        0.1304446938        0.8604836132                   0          0.77914751
               2.526        0.1247373864         1.045826861                   0        0.6534629533
               2.538        0.1368467163         1.196456598                   0        0.6528784118
                2.55        0.1468805307         1.365269449                   0        0.6467481433
               2.562        0.1410747914         1.568772542                   0        0.6954648219
               2.574        0.1505266853         1.753274207                   0        0.5153902812
               2.586        0.1684144183         1.879347927                   0        0.5536176092
               2.598        0.1696517128         2.094653435                   0        0.5857929097
                2.61        0.1742093647         2.249645931                   0        0.4590584269
               2.622         0.189880265         2.312090989                   0        0.4862362205
               2.634        0.2038610121         2.503896772                   0        0.4662734727
               2.646        0.2136693383         2.583915857                   0        0.5287949413
               2.658        0.2299146886         2.687587228                   0        0.3968390516
                2.67        0.2384970173         2.726228993                   0        0.3428594705
               2.682        0.2603216252         2.827527512                   0         0.404759675
               2.694         0.270507128         2.897358533                   0        0.3912566045
               2.706        0.3013060261         2.888236818                   0        0.3976117536
               2.718        0.3214344401         2.873911193       0.01946215255         0.355184284
                2.73        0.3371407578         2.884834768                   0        0.3858286602
               2.742        0.3574170408         2.790736538      0.009561474977        0.2629405619
               2.754        0.3760490705         2.765566719       0.02843499673        0.3033066318
               2.766        0.4100054641          2.72074197       0.06577388492        0.3335675593
               2.778        0.4495725509         2.660026374       0.09315267457        0.2515122214
                2.79        0.4749587266         2.553636117        0.1570002457        0.3047651829
               2.802         0.504763328         2.446932159        0.2472221194        0.2701130564
               2.814        0.5449951251         2.387199694        0.2088043195        0.2405788898
               2.826        0.5755253156          2.25009252        0.3060514464        0.2385400979
               2.838        0.5960993287         2.182084815        0.4105753665         0.240989889
                2.85        0.6447553433         2.053607933        0.5044811936        0.2522405968
               2.862        0.6734907059         1.968718721        0.4827066493        0.2325768401
               2.874        0.7171282114          1.81775631        0.8268180207        0.2175836897
               2.886        0.7557710997         1.776366914        0.7250141683        0.2632491921
               2.898        0.7773104429         1.641305742         0.855978988        0.2482339065
                2.91        0.8345155317         1.579825625         1.035699399        0.2843928677
               2.922        0.8886182673         1.477332881         1.145086677        0.2568025268
               2.934        0.9124486432         1.366121263         1.361216695         0.325689884
               2.946        0.9522968266         1.274812927         1.606926938        0.2733432421
               2.958         1.005554338         1.224584039         1.651427869        0.2711299486
                2.97         1.043950683         1.145629151         1.613660572        0.2444940261
               2.982         1.090680256         1.108966265         1.996832221        0.3395423209
               2.994         1.110405582         1.054267916         2.045014981        0.3568751634
               3.006         1.145125062          1.00267898         2.140100841        0.3301642561
               3.018         1.200743809        0.9603945995         2.146793877        0.3354365432
                3.03         1.228787213        0.9132785559         2.106332565        0.3641058151
               3.042         1.279102456        0.8441854248         2.214044596        0.4195031865
               3.054         1.306507478         0.826308784         2.705384386        0.3391365042
               3.066         1.332716784        0.7807664042         2.500710307        0.4741407921
               3.078         1.351191637        0.7568648436         2.860645592        0.4704509992
                3.09         1.384756587        0.6921990293         2.710475481        0.4141004207
               3.102         1.412129855        0.7003727681           2.7941387        0.4856123409
               3.114         1.463575993        0.6636839078         2.646616094        0.5078240964
               3.126         1.472679363        0.6536937774         2.736685846        0.4266875782
               3.138         1.495738469        0.6181110976         2.248561631        0.5402388333
                3.15         1.503281607        0.6168606594         2.187992339        0.4709255034
               3.162         1.537259408        0.6062527915          2.53811292        0.6974417938
               3.174          1.54338388        0.5806095529         2.062262608        0.5780043989
               3.186         1.562188055        0.5951299655         2.344209514        0.5736585217
               3.198           1.5890351        0.5641175022         2.389912361        0.6326238603
                3.21         1.593455646        0.5687669886         2.365100579        0.7116231832
               3.222         1.585015902        0.5346405926         2.077448026        0.7513437029
               3.234         1.580803251        0.5575198159          1.91084189        0.7182840916
               3.246         1.565454711        0.5495065515         1.739815284         0.777799774
               3.258         1.602158796        0.5304157747         1.638978294        0.8702839287
                3.27         1.603227177        0.5361342786         1.674032331        0.7529783977
               3.282          1.58024269        0.5320090358         1.555029995        0.8676133021
               3.294         1.565700274        0.5565345144         1.583473202        0.8414271824
               3.306         1.552579815        0.5633596049         1.558844007        0.8583508138
               3.318         1.560285913         0.551829289         1.266802699         1.041520776
                3.33         1.536558083        0.5659703629         1.354933049        0.9756814538
               3.342         1.546896081        0.5516966407          1.43533076         1.029833729
               3.354         1.506024601        0.5804184527         1.297268716           1.1183351
               3.366         1.499082397        0.5791073791         1.294380528         1.069132936
               3.378         1.477100647        0.5720002505         1.039500455         1.137150498
                3.39         1.469541323        0.6154200758         1.032154193         1.075942553
               3.402         1.452833165        0.6055648808         1.000039822         1.062154096
               3.414         1.451106427        0.6044481906          0.98068635          1.16572151
               3.426         1.427640064        0.6210258581        0.9615790174         1.283126141
               3.438         1.407313332        0.6230698161        0.9852882775         1.271143519
                3.45         1.387378175        0.6308225404         1.159639734         1.280435539
               3.462         1.369732054        0.6485448497        0.9176928664           1.2145935
               3.474         1.360238389        0.6779209153        0.9113639753         1.268761613
               3.486           1.3296214        0.6653740989         1.047076852         1.304409299
               3.498         1.319255475        0.6945756743        0.8695251862          1.32778846
                3.51         1.292884083        0.7283645266        0.8460846835          1.35081796
               3.522         1.286986673        0.7265373465        0.7244215755         1.330038013
               3.534         1.270221132        0.7117441192        0.8749244782         1.436142482
               3.546         1.240267189        0.7328892823        0.9547706958         1.300660678
               3.558          1.23817984        0.7254301573        0.8631609327         1.439548003
                3.57         1.221319539        0.7445563586        0.8178838788         1.396043172
               3.582         1.202567049        0.7669677734        0.7843988591         1.529577775
               3.594         1.201043045        0.7673318295        0.6845561071         1.355198472
               3.606         1.186305646        0.7903146536        0.7850493994         1.348958123
               3.618         1.168511614        0.7807221467        0.8402613635         1.348262515
                3.63         1.141703904        0.7951399612        0.7801585614          1.37209705
               3.642         1.155527657        0.8081467253         0.661210957         1.541922273
               3.654         1.147266743        0.7997707229        0.5868802686          1.42412689
               3.666         1.123848557         0.836996115           0.5723464         1.262371499
               3.678         1.119605947        0.8512817916        0.6323879897         1.493285925
                3.69         1.113634773        0.8584922761        0.6652393291         1.449271396
               3.702         1.103096327        0.8749168737         0.597987532          1.37169947
               3.714         1.089733878        0.8782065474        0.6931511549         1.334185682
               3.726         1.062876402        0.8817645318        0.6938717541         1.387743508
               3.738          1.08293121         0.885095468        0.7100036906         1.450877107
                3.75         1.068911435        0.9365653826        0.5418804042         1.329140614
               3.762         1.064078473        0.9520468736        0.7314506468         1.361310926
               3.774         1.054838866        0.9330234639        0.7772792072         1.279482331
               3.786         1.038689306        0.9451097479        0.7522984432         1.386736797
               3.798         1.037159316        0.9643026515        0.7774541804         1.358052975
                3.81         1.047733677        0.9609105648         0.792373895         1.299988422
               3.822         1.031595664        0.9887882718        0.9104382452         1.419791534
               3.834          1.02689483         0.962735736        0.8558427262         1.217741936
               3.846         1.026591112        0.9928407002        0.9039710431         1.253895318
               3.858         1.016688217         1.011053365        0.9080160798         1.342704629
                3.87         1.017173859         1.023992859            1.147192         1.243191331
               3.882        0.9997263816         1.040236388        0.9540674398         1.297531718
               3.894         1.014306625         1.046327063         1.009829032         1.299028896
               3.906         1.003633781         1.041403739        0.8999720762         1.196821504
               3.918         1.004296979         1.067146844        0.9506645992         1.257406132
                3.93         1.006706526         1.071131015        0.8657410149         1.193884787
               3.942        0.9911139982         1.098251534        0.9807600622         1.161182904
               3.954        0.9898149349         1.110426164         1.007003404         1.230015573
               3.966        0.9823107298         1.100959908         1.060334081         1.220298274
               3.978        0.9856231775         1.128651569        0.9767177041         1.222032848
                3.99        0.9731451817         1.130187319          1.03406979         1.174053036
               4.002        0.9916843926         1.130259444         0.974015183         1.175999898
               4.014        0.9744678835         1.163738236          1.04851172           1.1712099
               4.026        0.9723986916         1.170046426         1.162020836         1.210807971
               4.038        0.9875874363         1.164922085         1.133080228          1.24330204
                4.05         0.976143516         1.178760342         1.196500184         1.200882969
               4.062        0.9803778442         1.189648679         1.202511989         1.187262743
               4.074        0.9748515601         1.186638311         1.260407888         1.210597954
               4.086        0.9694757098         1.191571048         1.089391472          1.30468623
               4.098        0.9684607051         1.199687238          1.22428436         1.185757929
                4.11        0.9690284721         1.176074291         1.268214746         1.140542121
               4.122        0.9623200589         1.182534133         1.108525012         1.241801874
               4.134        0.9781076753         1.202119639         1.123131218         1.249325736
               4.146        0.9768684014         1.193312248         1.041360104         1.150096501
               4.158         0.968169004         1.198314571         1.081096754         1.097729012
                4.17        0.9684451617         1.229882045         1.095554409          1.18857318
               4.182        0.9608401098         1.239145443         1.076944749         1.183817129
               4.194        0.9697513763         1.239979115         1.172965491         1.179095972
               4.206        0.9643547488         1.252393686         1.133772343         1.225205597
               4.218        0.9619861044         1.214620498         1.260670636         1.183899027
                4.23        0.9647625289         1.280567926          1.28566979         1.161120529
               4.242        0.9713920847         1.247587419         1.198505755          1.12060288
               4.254        0.9656357169         1.258844943         1.299011454         1.114289642
               4.266        0.9709014176         1.276351788         1.189008595          1.09617902
               4.278        0.9671144895          1.28877935          1.25698073         1.156815078
                4.29        0.9705469016         1.285299599         1.183554464         1.078089215
               4.302        0.9677911984         1.299842261         1.130348552          1.14005945
               4.314        0.9644379552         1.288574212         1.263128918         1.095098007
               4.326        0.9693689873         1.301678774         1.252289613         1.135127548
               4.338        0.9664085485         1.287695808         1.203349186          1.06964372
                4.35        0.9608427837         1.293747204         1.291696892         1.211915613
               4.362        0.9598514372         1.299952499         1.258152034         1.142915887
               4.374        0.9738866177         1.302372428         1.285075853         1.177986199
               4.386        0.9617729991         1.297035179         1.281790597         1.053833669
               4.398        0.9697759373         1.306249281         1.323121618         1.122423395
                4.41        0.9645641025         1.290701124         1.304841453         1.092296458
               4.422        0.9768427917         1.299111337         1.297769159         1.158065964
               4.434        0.9731876966          1.30137555         1.341945593         1.075019086
               4.446        0.9800064066         1.286393707         1.305616876         1.136504941
               4.458        0.9813979251         1.286023152         1.389029025         1.038154505
                4.47        0.9814183339         1.283125233         1.338406754         1.036185874
               4.482         0.989888193         1.281603157         1.406400698         1.052116553
               4.494        0.9758229488         1.262563813         1.512805249         1.167529698
               4.506        0.9829121415         1.282824125         1.409162014         1.042709078
               4.518         0.976859236         1.302851661         1.296031619         1.021329265
                4.53        0.9722745458         1.261482433          1.46433388         1.064970094
               4.542        0.9790360674         1.249958026         1.414790087         1.078516088
               4.554        0.9818889084         1.249431696         1.494002944         1.071106519
               4.566           0.9854919         1.248893626         1.324096529         1.067208009
               4.578         0.984524631         1.238870369          1.58471306        0.9947333061
                4.59        0.9860454421         1.218102331         1.450186302         1.066313457
               4.602        0.9914702531         1.225335788         1.524099614         1.055668107
               4.614        0.9885977684         1.239660008         1.472283859         1.056937725
               4.626        0.9870747633         1.221079441         1.424343845         1.007790456
               4.638        0.9913363521         1.217739582         1.383563503         1.020962923
                4.65        0.9959630458         1.209984936         1.369782319         1.022349668
               4.662        0.9897136332         1.194208599         1.418969305         1.015439572
               4.674        0.9990544087          1.19654616          1.30310082         1.016813519
               4.686        0.9933465638         1.176187185         1.335721277         1.000154045
               4.698        0.9951287795         1.178871905         1.410334475        0.9901655437
                4.71        0.9893444002         1.166905847         1.357789546        0.9786454486
               4.722         1.002029311         1.171627122         1.363793622        0.9865741094
               4.734         1.002378421         1.160399473         1.372927222        0.9751632604
               4.746         1.003268452         1.147345178         1.251096631        0.9957707883
               4.758         1.013033188         1.144387775         1.311479278         1.014570531
                4.77        0.9965582152         1.144254051         1.156390686        0.9510207556
               4.782         1.009926147         1.139716053         1.232330458        0.9415381941
               4.794         1.010884238         1.117235615         1.166737166        0.9587263847
               4.806         1.012907042         1.119172615         1.117344709          0.92748948
               4.818         1.008506756         1.111638321         1.294502677         1.026621142
                4.83         1.005507208           1.1068063         1.321975158         1.015363204
               4.842          1.01559313         1.103857964         1.287834291        0.8938183233
               4.854         1.013072044         1.098309963         1.192991856         1.000770662
               4.866          1.01646697         1.071887841         1.247837059        0.9366368193
               4.878         1.011376146         1.079856238         1.145027417         0.916928288
                4.89         1.017847411         1.062919113         1.163465516        0.8643316171
               4.902         1.011872948         1.059810895         1.310351369        0.8989967723
               4.914         1.020121188         1.022035023         1.175945142        0.9303363467
               4.926         1.021928737         1.043207653          1.09319547        0.9998739052
               4.938         1.017108318         1.007538342         1.258884763        0.9360560004
                4.95         1.026130678          1.02631696         1.179440209        0.9505936011
               4.962          1.02112719        0.9924394153         1.106588023        0.9547606424
               4.974         1.026514372         1.010071878         1.130311941        0.9574236107
               4.986         1.026169243        0.9962193207         1.035234545        0.9108907307
               4.998         1.026523631        0.9801126301        0.9669567559        0.9122776536
                5.01         1.037319011        0.9817877225         1.119854462         1.048252515
               5.022         1.040172303        0.9776443285         1.066052188         1.038973322
               5.034         1.033575548        0.9722684225           1.1574281        0.9787075844
               5.046         1.021629475        0.9572524548         1.061582217         0.971234794
               5.058         1.031350451        0.9627959537        0.9385320327        0.9371270446
                5.07         1.035729812        0.9395991339         0.931297847        0.9718498554
               5.082         1.032523238        0.9389667669        0.9937089005        0.9338636866
               5.094         1.049387765        0.9485320294        0.9640990362        0.9834918329
               5.106         1.044964404        0.9366382513        0.9099396843        0.9981762598
               5.118         1.044665878        0.9219702939         1.026434704         1.014084553
                5.13         1.039025478        0.9134995102        0.9806634907        0.9847609705
               5.142           1.0466972        0.9067376479         1.014156496         1.059018647
               5.154          1.04468547        0.9101665638        0.9688454162        0.9837299129
               5.166         1.046358249         0.900726662        0.9293313396         1.030345616
               5.178         1.044854921        0.9168149203        0.9437975894         1.026916127
                5.19         1.047018677        0.8837734883         1.014166298         1.047527031
               5.202         1.046916488        0.8884716707        0.9776140111        0.9988664896
               5.214         1.051085468        0.9082278364        0.8461906452         1.040550059
               5.226         1.040017694        0.8779066282        0.8396768278        0.9133788691
               5.238         1.044532463        0.8884452505        0.8227330748         0.976012963
                5.25         1.051147937        0.8660895962        0.8111516949        0.9467783449
               5.262         1.046791837        0.8637099003        0.8386121176          1.02944181
               5.274         1.042341382        0.8557635871        0.7908633956         0.961441775
               5.286         1.043249875        0.8667476449        0.8387327144         1.031692695
               5.298         1.043712591        0.8694928584        0.8144482852         1.033427305
                5.31         1.038231653        0.8558546452         0.874511208         1.045334097
               5.322         1.035911759        0.8532080747        0.8451908679           0.9949394
               5.334         1.038575402        0.8573947191        0.8110718217        0.9879410663
               5.346         1.039228353        0.8445265046        0.9030189086         1.074064273
               5.358         1.037082688        0.8408273647        0.8864579695         1.060494209
                5.37         1.038428003        0.8443546434        0.8949652719        0.9385917127
               5.382         1.036717668        0.8318480904        0.8214874137        0.9902521997
               5.394         1.037483061        0.8398382924        0.8252487788         1.034031778
               5.406         1.023511408        0.8313504455        0.8265088405         1.042975442
               5.418         1.028681277        0.8282161239        0.8595861798         1.049380849
                5.43         1.024197696        0.8251787595        0.7728939596        0.9996420297
               5.442         1.026313036        0.8258590132        0.8204647675          1.04864136
               5.454         1.017390266        0.8202340995        0.7975244097         1.013822697
               5.466         1.015295983        0.8199211606        0.7771835149         1.035843663
               5.478         1.017374067        0.8135189979         0.895958429         1.021727995
                5.49         1.007593201        0.8173112653        0.9755261892        0.9600227168
               5.502         1.007820406        0.8008584648        0.8810347782         1.068640567
               5.514         1.011076075        0.8202701817        0.8559243121        0.9599593113
               5.526          0.99699268        0.8111063553        0.8357317625        0.9875759841
               5.538         1.009475244        0.8227007446         0.878993537        0.9540009855
                5.55         1.006818753        0.8224810495        0.9078706008         1.004725691
               5.562        0.9973888002        0.8074275457        0.8017102652        0.9922616906
               5.574        0.9936315045        0.8188659197        0.9301488286        0.9394040408
               5.586        0.9898789698        0.8119870937        0.8823832005        0.9837535943
               5.598        0.9897543115        0.7991879635        0.9130143519        0.9955985646
                5.61        0.9837661253        0.7862007394        0.8360181078        0.9742123578
               5.622        0.9887229679        0.7997440777        0.9439016302        0.9313920905
               5.634        0.9821969358        0.8182697699        0.8266458729        0.9727243902
               5.646        0.9823755038        0.8078506885         0.782542711        0.9640835993
               5.658         0.978622815        0.8143367996        0.7949461308        0.9588757001
                5.67        0.9816014071        0.8103966056        0.7938209567         1.004015802
               5.682        0.9648771243         0.826628553        0.8416851531         1.010912856
               5.694        0.9760540609        0.8157570008        0.7982297341        0.9667449002
               5.706        0.9704284361        0.8238951091        0.7970838211        0.9516430108
               5.718        0.9640735779        0.8256757002        0.7827481023         1.054291334
                5.73        0.9639149253        0.8384165732        0.7969892579         0.962298843
               5.742         0.958471251        0.8284093256        0.7129871539         1.028053343
               5.754        0.9610777011        0.8314370717        0.7013311628        0.9597163281
               5.766        0.9562749787        0.8381392212        0.7805815031        0.9838354125
               5.778        0.9535033182        0.8300130687        0.8225619549         1.010976015
                5.79        0.9508314909        0.8487007963        0.8191559061        0.8963538449
               5.802        0.9513599277        0.8636338716         0.832855178        0.9140051697
               5.814        0.9495297619        0.8562241497        0.7549855349        0.9708475963
               5.826         0.953707496        0.8573399567        0.7963559288        0.9721472641
               5.838        0.9464093104        0.8625239817        0.7614464295        0.9512807194
                5.85        0.9540506853        0.8691920898        0.7583257518        0.9316273432
               5.862        0.9410499561        0.8762633205        0.7468560839        0.9225869272
               5.874        0.9373742979        0.8901484124        0.7208892515        0.8573581706
               5.886        0.9382660172        0.8799352307        0.7615280157          0.95450378
               5.898        0.9374041805        0.8886264916        0.7026349003        0.9134253704
                5.91        0.9413113725         0.885413557        0.7800538521        0.9272144073
               5.922        0.9296100785        0.8996593924        0.7768957437        0.8886129417
               5.934        0.9367262783        0.8990705689        0.7308837086        0.8666484198
               5.946        0.9366608182        0.9080326473        0.6710030119          0.90077071
               5.958        0.9285037178        0.9237301263        0.7452588825        0.9356239232
                5.97        0.9371010673        0.9204045674         0.689823181        0.8683300568
               5.982         0.933727812        0.9327233407        0.8136217449        0.8979973333
               5.994        0.9294212181        0.9477946244        0.8003627282        0.8864017215
