#                  R                  OH                  OO                 OCl                 HCl                OClO                HClH
               0.006                   0         4201165.305                   0                   0                   0                   0
               0.018                   0                   0                   0                   0                   0                   0
                0.03                   0                   0                   0                   0                   0                   0
               0.042                   0                   0                   0                   0                   0                   0
               0.054                   0                   0                   0                   0                   0                   0
               0.066                   0                   0                   0                   0                   0                   0
               0.078                   0                   0                   0                   0                   0                   0
                0.09                   0                   0                   0                   0                   0                   0
               0.102                   0                   0                   0                   0                   0                   0
               0.114                   0                   0                   0                   0                   0                   0
               0.126                   0                   0                   0                   0                   0                   0
               0.138                   0                   0                   0                   0                   0                   0
                0.15                   0                   0                   0                   0                   0                   0
               0.162                   0                   0                   0                   0                   0                   0
               0.174                   0                   0                   0                   0                   0                   0
               0.186                   0                   0                   0                   0                   0                   0
               0.198                   0                   0                   0                   0                   0                   0
                0.21                   0                   0                   0                   0                   0                   0
               0.222                   0                   0                   0                   0                   0                   0
               0.234                   0                   0                   0                   0                   0                   0
               0.246                   0                   0                   0                   0                   0                   0
               0.258                   0                   0                   0                   0                   0                   0
                0.27                   0                   0                   0                   0                   0                   0
               0.282                   0                   0                   0                   0                   0                   0
               0.294                   0                   0                   0                   0                   0                   0
               0.306                   0                   0                   0                   0                   0                   0
               0.318                   0                   0                   0                   0                   0                   0
                0.33                   0                   0                   0                   0                   0                   0
               0.342                   0                   0                   0                   0                   0                   0
               0.354                   0                   0                   0                   0                   0                   0
               0.366                   0                   0                   0                   0                   0                   0
               0.378                   0                   0                   0                   0                   0                   0
                0.39                   0                   0                   0                   0                   0                   0
               0.402                   0                   0                   0                   0                   0                   0
               0.414                   0                   0                   0                   0                   0                   0
               0.426                   0                   0                   0                   0                   0                   0
               0.438                   0                   0                   0                   0                   0                   0
                0.45                   0                   0                   0                   0                   0                   0
               0.462                   0                   0                   0                   0                   0                   0
               0.474                   0                   0                   0                   0                   0                   0
               0.486                   0                   0                   0                   0                   0                   0
               0.498                   0                   0                   0                   0                   0                   0
                0.51                   0                   0                   0                   0                   0                   0
               0.522                   0                   0                   0                   0                   0                   0
               0.534                   0                   0                   0                   0                   0                   0
               0.546                   0                   0                   0                   0                   0                   0
               0.558                   0                   0                   0                   0                   0                   0
                0.57                   0                   0                   0                   0                   0                   0
               0.582                   0                   0                   0                   0                   0                   0
               0.594                   0                   0                   0                   0                   0                   0
               0.606                   0                   0                   0                   0                   0                   0
               0.618                   0                   0                   0                   0                   0                   0
                0.63                   0                   0                   0                   0                   0                   0
               0.642                   0                   0                   0                   0                   0                   0
               0.654                   0                   0                   0                   0                   0                   0
               0.666                   0                   0                   0                   0                   0                   0
               0.678                   0                   0                   0                   0                   0                   0
                0.69                   0                   0                   0                   0                   0                   0
               0.702                   0                   0                   0                   0                   0                   0
               0.714                   0                   0                   0                   0                   0                   0
               0.726                   0                   0                   0                   0                   0                   0
               0.738                   0                   0                   0                   0                   0                   0
                0.75                   0                   0                   0                   0                   0      9.90657996e-06
               0.762                   0                   0                   0                   0                   0     1.733651493e-05
               0.774                   0                   0                   0                   0                   0      4.95328998e-06
               0.786                   0                   0                   0                   0                   0      4.95328998e-06
               0.798                   0                   0                   0                   0                   0      7.42993497e-06
                0.81                   0                   0                   0                   0                   0     3.219638487e-05
               0.822                   0                   0                   0                   0                   0     3.714967485e-05
               0.834                   0                   0                   0                   0                   0     3.219638487e-05
               0.846                   0                   0                   0                   0                   0     2.971973988e-05
               0.858                   0                   0                   0                   0                   0     3.714967485e-05
                0.87                   0                   0                   0                   0                   0     3.962631984e-05
               0.882     0.0003519103722                   0                   0                   0                   0      4.95328998e-05
               0.894       0.01625684221                   0                   0                   0                   0      7.42993497e-05
               0.906        0.1631906363                   0                   0                   0                   0     0.0001386921194
               0.918        0.8875682704                   0                   0                   0                   0     0.0001857483743
                0.93         3.612856092                   0                   0                   0                   0     0.0002253746941
               0.942         10.38347373                   0                   0                   0                   0     0.0002650010139
               0.954         21.54018692                   0                   0                   0                   0     0.0004457960982
               0.966         33.24237194                   0                   0                   0                   0     0.0005696283477
               0.978         39.51076112                   0                   0                   0                   0     0.0006340211175
                0.99         37.01402208                   0                   0                   0                   0     0.0007231803371
               1.002         28.00618072                   0                   0                   0                   0     0.0007652833019
               1.014         17.54883528                   0                   0                   0                   0     0.0009584616112
               1.026         9.358577481                   0                   0                   0                   0     0.0009535083212
               1.038         4.299248484                   0                   0                   0                   0     0.0008569191666
                1.05         1.777740252                   0                   0                   0                   0     0.0009807514161
               1.062         0.656956306                   0                   0                   0                   0     0.0009832280611
               1.074         0.221488869                   0                   0                   0                   0     0.0007157504021
               1.086       0.07338551345                   0                   0                   0                   0     0.0005621984127
               1.098       0.02333619471                   0                   0                   0                   0     0.0004755158381
                1.11      0.006135879836                   0                   0                   0                   0     0.0003516835886
               1.122      0.001321508078                   0                   0                   0                   0     0.0001857483743
               1.134      0.000131006369                   0                   0                   0                   0     0.0001461220544
               1.146     3.206929235e-05                   0                   0                   0                   0     7.182270471e-05
               1.158     4.711214025e-05                   0                   0                   0                   0     4.705625481e-05
                1.17     3.076713447e-05                   0                   0                   0                   0     5.943947976e-05
               1.182                   0                   0                   0                   0                   0     7.182270471e-05
               1.194                   0                   0                   0                   0                   0     6.191612475e-05
               1.206                   0                   0                   0                   0                   0     0.0001337388295
               1.218                   0                   0                   0                   0                   0     0.0001263088945
                1.23                   0                   0                   0                   0                   0     6.191612475e-05
               1.242                   0                   0                   0                   0                   0     8.668257465e-05
               1.254                   0                   0                   0                   0                   0     0.0001040190896
               1.266                   0                   0                   0                   0                   0     0.0001213556045
               1.278                   0                   0                   0                   0                   0     0.0001609819244
                1.29                   0                   0                   0                   0                   0     0.0001560286344
               1.302                   0                   0                   0                   0                   0     0.0002798608839
               1.314     0.0002195388277                   0                   0                   0                   0     0.0002674776589
               1.326     0.0003113980728                   0                   0                   0                   0      0.000237757919
               1.338     0.0004469933307                   0                   0                   0                   0      0.000257571079
                1.35     0.0007626163704                   0                   0                   0                   0     0.0002922441088
               1.362       0.00192985412                   0                   0                   0                   0     0.0003492069436
               1.374      0.003000603688                   0                   0                   0                   0     0.0003739733935
               1.386      0.004275314012                   0                   0                   0     6.933036448e-05     0.0005498151878
               1.398      0.007154571935                   0                   0                   0     5.357346346e-05     0.0004358895183
                1.41       0.01095247516                   0                   0                   0     3.151380204e-05     0.0003838799735
               1.422       0.01553816174                   0                   0                   0     2.521104163e-05     0.0005423852528
               1.434       0.02393263184                   0                   0                   0     2.521104163e-05     0.0005547684778
               1.446       0.03520991124                   0                   0                   0     2.205966143e-05     0.0006686941473
               1.458       0.04672840543                   0                   0                   0     0.0002048397132     0.0006464043424
                1.47       0.06437749484                   0                   0                   0     0.0002804728381     0.0006191612475
               1.482       0.08753960488                   0                   0                   0     0.0003498032026     0.0008420592966
               1.494        0.1146790319                   0                   0                   0     0.0004569501295     0.0009584616112
               1.506        0.1457739747                   0                   0                   0     0.0003308949214      0.001094677086
               1.518        0.1850505415                   0                   0                   0     0.0005861567179      0.001258135655
                1.53        0.2278676568                   0                   0                   0      0.000664941223       0.00124079914
               1.542        0.2816186747                   0                   0                   0     0.0004853125514      0.001064957346
               1.554        0.3370721258                   0                   0                   0     0.0006680926032       0.00118631295
               1.566        0.4093818047                   0                   0                   0     0.0008288129936       0.00118631295
               1.578        0.4822944344                   0                   0                   0      0.001670231508      0.001456267254
                1.59        0.5583236907                   0                   0                   0      0.001484300076      0.001567716279
               1.602        0.6399968863                   0                   0                   0      0.001575690102      0.001666782078
               1.614        0.7328260744                   0                   0                   0      0.001865617081      0.001750988008
               1.626        0.8209835354                   0                   0                   0      0.001950704346      0.001911969932
               1.638        0.9096985964                   0                   0                   0       0.00201373195      0.002115054822
                1.65        0.9855451464                   0                   0                   0      0.002196512002      0.002105148242
               1.662         1.079050359                   0                   0                   0      0.002439168278       0.00245683183
               1.674         1.156526572                   0                   0                   0      0.002590434527       0.00243206538
               1.686         1.228643392                   0                   0                   0      0.002599888668      0.002754029229
               1.698         1.303309677                   0                   0                   0      0.002915026688      0.002761459164
                1.71          1.36267362                   0                   0                   0       0.00263455385      0.003026460178
               1.722         1.422847041                   0                   0      0.001789637509      0.002811031142      0.003224591777
               1.734         1.457858387                   0                   0      0.002647429872      0.002801577001      0.003313750997
               1.746         1.483742294                   0                   0       0.00130558214      0.003501183406      0.003464826341
               1.758         1.500009784                   0                   0      0.001717092525      0.004758584108       0.00364809807
                1.77         1.504603562                   0                   0      0.002964305623      0.003885651791      0.003583705301
               1.782         1.508042717                   0                   0      0.004595669395      0.004065280463      0.003754593805
               1.794         1.498136533                   0                   0       0.01978644967      0.004279574317      0.003868519475
               1.806          1.48843708                   0                   0        0.0235919608      0.004569501295      0.003972538564
               1.818         1.449126431                   0                   0       0.03251388149      0.004723918925      0.004391091567
                1.83          1.42691399                   0                   0       0.04278515936      0.005089479029      0.004735345221
               1.842         1.387150219                   0                   0       0.06412630177      0.004966575201      0.004784878121
               1.854         1.341039278                   0                   0        0.1103870663      0.005016997284      0.004802214636
               1.866           1.2932562                   0                   0        0.1306900363      0.005152506633      0.004990439655
               1.878          1.24055039                   0                   0        0.1485858921      0.004859428274      0.005485768653
                1.89         1.178799073                   0                   0        0.1849598266      0.005054813847      0.005765629537
               1.902         1.144814145                   0                   0        0.2233407452      0.005666181606      0.005527871618
               1.914         1.098083157                   0                   0        0.2658177053      0.005269107701      0.006025677261
               1.926         1.042835842                   0                   0        0.3444176909      0.005477098794      0.005886985141
               1.938        0.9995832473                   0                   0        0.4577930579      0.006983458531       0.00618418254
                1.95        0.9444203361                   0                   0        0.5394013516      0.007144178922      0.006478903294
               1.962        0.8896801208                   0                   0        0.6496585055      0.006617898428      0.006857829978
               1.974         0.844546719                   0                   0        0.7708216826       0.00603174171      0.007447271485
               1.986        0.7937993193                   0                   0        0.8587448375      0.006526508402      0.007467084645
               1.998        0.7464167984                   0                   0           1.0445404      0.007607431812      0.007645403084
                2.01        0.7044686266                   0                   0         1.242598592      0.006639958089      0.007994610028
               2.022        0.6594895057                   0                   0         1.298958114      0.006567476344      0.008083769248
               2.034        0.6199429933                   0                   0         1.452674052      0.007456165562      0.007979750158
               2.046        0.5845007797                   0                   0         1.594781771      0.007632642853       0.00866082753
               2.058        0.5462010554                   0                   0         1.713438374      0.008180983009      0.008717790365
                2.07        0.5142421326                   0                   0         1.880331874      0.007456165562      0.009064520664
               2.082        0.4772975773                   0                   0         1.982062393      0.008130560926      0.009584616112
               2.094         0.449284911                   0                   0         2.117651959      0.008294432696      0.009567279597
               2.106         0.426787373                   0                   0         2.278448313      0.008959373919      0.009505363472
               2.118        0.4013378024                   0                   0         2.404717267      0.009271360559       0.01028550664
                2.13        0.3772824557                   0                   0         2.443201198      0.009564438918       0.01022111387
               2.142        0.3545380839                   0                   0         2.456385066      0.009328085403       0.01007251517
               2.154        0.3324436537                   0                   0         2.484565269      0.009145305351        0.0106520501
               2.166        0.3125887413                   0                   0         2.590303142        0.0092808147       0.01124396825
               2.178        0.2912455476                   0                   0          2.59232332       0.01009071941       0.01133808076
                2.19        0.2771382673                   0                   0         2.588888015      0.009974118345       0.01136284721
               2.202        0.2624908388                   0                   0          2.56895661        0.0107777203       0.01145695972
               2.214        0.2504422489                   0                   0         2.544161589       0.01052560988       0.01170957751
               2.226        0.2383315149                   0                   0         2.564196185       0.01050985298       0.01162289494
               2.238        0.2274030281                   0                   0         2.476643748         0.010219926          0.01218757
                2.25        0.2148091381                   0                   0         2.441910681       0.01093213793       0.01260364635
               2.262        0.2050207327                   0                   0         2.399216704       0.01118424834       0.01194485879
               2.274        0.1987698756                   0                   0         2.370626729       0.01034598121       0.01216528019
               2.286        0.1923323647                   0                   0         2.280557803      0.009491957173       0.01208107426
               2.298        0.1866561724                   0                   0         2.316595031       0.01036488949       0.01216775684
                2.31        0.1771328873                   0                   0          2.24137193       0.01096050035       0.01241046805
               2.322        0.1725141625                   0                   0         2.114672346       0.01189961165        0.0123857016
               2.334        0.1669138776     0.0003401829921                   0         2.011397658       0.01222420381       0.01224205619
               2.346        0.1677628118     0.0005815930527                   0         2.039566484       0.01225886899       0.01297761975
               2.358        0.1612761329      0.001272574813                   0         1.946562248       0.01263073186       0.01269280557
                2.37        0.1577387682       0.00211453106                   0         1.889344749       0.01277884673       0.01250210391
               2.382        0.1563984256      0.005017932829                   0         1.783607893       0.01290490193       0.01241789798
               2.394        0.1537725603      0.008024833256                   0         1.653964431       0.01351626969       0.01273490854
               2.406        0.1512275478       0.01347446145                   0         1.609546975       0.01376838011       0.01286369408
               2.418        0.1503605719       0.02299386507                   0         1.560935505       0.01310343889        0.0129256102
                2.43        0.1511331073       0.03445055964                   0         1.480400462       0.01349105865       0.01256649668
               2.442        0.1506190111       0.05366234862                   0         1.464329524       0.01375262321       0.01300486284
               2.454        0.1502755693       0.08333800362                   0         1.338569475       0.01520856086       0.01335406979
               2.466        0.1512926003        0.1250954221                   0         1.279540831       0.01415915126       0.01314603161
               2.478        0.1536924496        0.1670708775                   0         1.211435336       0.01462870691       0.01355220139
                2.49        0.1567388019        0.2367640021                   0          1.13794673       0.01451210584       0.01337883624
               2.502        0.1615498014         0.319419377                   0         1.053304839       0.01411503193       0.01368841686
               2.514        0.1660354471        0.4017823915                   0         1.062795459       0.01382825633       0.01377757608
               2.526        0.1712472621        0.4990319545                   0         1.012176371       0.01519910672       0.01402524058
               2.538        0.1737313773        0.6399105186                   0        0.9601992417       0.01478627592        0.0138172024
                2.55        0.1818611169        0.7952339233                   0        0.9224152593       0.01473900521       0.01336149972
               2.562        0.1862219514        0.9715085374                   0        0.8834762839       0.01539134091       0.01388654846
               2.574        0.1948068995          1.14551161                   0        0.7873517036       0.01492808802       0.01370327673
               2.586        0.2028406685         1.337714275                   0        0.7796646864       0.01460664724       0.01376519285
               2.598        0.2131453924         1.554954231                   0        0.7408328062       0.01368329284       0.01353734152
                2.61        0.2231102616         1.774940251                   0        0.6853471659       0.01368014146       0.01365374383
               2.622        0.2316436257         1.932619037                   0        0.6433874671       0.01477997316       0.01363640732
               2.634        0.2412388348          2.11818369                   0        0.6235792287       0.01608779594       0.01352495829
               2.646        0.2562484046         2.314410902                   0        0.5950073878       0.01506674875       0.01361659416
               2.658        0.2676422684         2.492005235                   0         0.546831865       0.01533146469       0.01326738721
                2.67        0.2805524466         2.633885708                   0        0.5369028358       0.01479888144       0.01355963132
               2.682        0.2978850659         2.772114032                   0        0.5413310871       0.01560248339       0.01331196682
               2.694        0.3139786135         2.862747718                   0        0.4917331796       0.01613821802       0.01345065894
               2.706        0.3349551311         2.900200845                   0        0.4772353533       0.01590186451       0.01341598591
               2.718        0.3547544691          2.97756586                   0        0.4741081824        0.0157442955       0.01319556451
                2.73        0.3734532088         2.991332823                   0         0.450368142       0.01554575854       0.01332930334
               2.742        0.4008530386         3.026132903      0.006352432233        0.4236719387       0.01549848784       0.01350019184
               2.754        0.4233780142         3.033104039      0.008396258723        0.4098423789       0.01364862766       0.01294047007
               2.766        0.4493926495         2.957133387      0.006242673223        0.4092419113       0.01333664102       0.01293056349
               2.778        0.4737040965         2.942239571       0.00618885741        0.3917890566       0.01341542553       0.01297761975
                2.79        0.5002409147         2.910892003       0.02249769316        0.3645648914       0.01263703462        0.0125070572
               2.802        0.5271570045         2.800868097       0.05846720151        0.3840923383       0.01310974165       0.01284140427
               2.814        0.5602878087         2.688994273       0.05696435795        0.3540167304        0.0124479518       0.01234855192
               2.826          0.59229751         2.612002961       0.08771262108        0.3370623261        0.0133082786       0.01270766544
               2.838        0.6282963557         2.523706619        0.1093744253         0.336359302       0.01321058581       0.01273986183
                2.85        0.6644054911         2.397704616        0.1698697751        0.3359828147       0.01381880219       0.01196714859
               2.862        0.7002275667         2.282361059        0.2238418477        0.3203756691        0.0139606143       0.01276462828
               2.874        0.7381038915          2.18740659        0.2537792225        0.3390683156       0.01496275321       0.01248724404
               2.886        0.7757091376         2.102323136        0.3239894014        0.3446966886       0.01386922428       0.01250458055
               2.898         0.815187506         1.985622887        0.4565344911        0.3203639959       0.01359190282       0.01237579502
                2.91        0.8549619967         1.904592998        0.5351855792        0.3145938651       0.01328937032       0.01266308583
               2.922        0.8945872389         1.816586555        0.7194375335        0.3143460325       0.01233450212       0.01242285127
               2.934        0.9374094497         1.698660007        0.8014116535        0.2985258409       0.01294902126       0.01198696175
               2.946        0.9806606597         1.605806686        0.9557097528        0.3243787741       0.01246686009       0.01207116768
               2.958         1.019799074         1.518280866         1.122038913        0.3411604804       0.01305616818       0.01196714859
                2.97         1.064801269         1.437490665         1.374693377         0.321413539       0.01319482891       0.01226186935
               2.982         1.102475782         1.377879814         1.666818058        0.3289772482       0.01315386097       0.01153621236
               2.994         1.141535996         1.314290116         1.760341367        0.3223493777       0.01518334982       0.01140495018
               3.006         1.180544539         1.243746088         1.850265624        0.3657365235        0.0147894273       0.01154859559
               3.018         1.222338108         1.179154004           1.9413287        0.3485593922       0.01287969089       0.01161051171
                3.03         1.266665779         1.136417275         2.148233268        0.3510062295       0.01238177282       0.01161794165
               3.042         1.306434173         1.082565187         2.346657824        0.3536904234       0.01180507024       0.01137027715
               3.054         1.340886224         1.024681925         2.366374199        0.3702616038       0.01374947183       0.01111022943
               3.066         1.380833134        0.9907171447         2.543214935        0.3793652467       0.01360450834       0.01153868901
               3.078         1.411857726        0.9609218659         2.717791503        0.4028795422       0.01238807558       0.01182102654
                3.09         1.443682993        0.9293707477         2.976566875        0.4036470345       0.01103613347       0.01175168048
               3.102         1.473858356        0.9064106441         3.053679969        0.4088026508       0.01099201415       0.01164766139
               3.114         1.499791326         0.871093587         3.130065573        0.4085311566       0.01060124301        0.0117640637
               3.126         1.526397573        0.8490747319         3.082457032        0.4298387493       0.01083444514       0.01190770911
               3.138         1.544617472         0.826990173          2.90964527        0.4563330492       0.01149938636       0.01189780253
                3.15         1.559453451        0.8067703936          2.88217055        0.4781333218       0.01178931334       0.01186065286
               3.162          1.58168898         0.794078625         2.956405953        0.4936189473       0.01153720293       0.01183588641
               3.174          1.59648729        0.7729264166          2.88378729        0.5380927421       0.01081553686       0.01171700745
               3.186         1.605194708        0.7651565171         2.893734581        0.5357460726       0.01079977996       0.01103840672
               3.198         1.617772831        0.7630490315         2.892814387        0.5628664406       0.01020101772       0.01113994917
                3.21          1.62621689        0.7441195127         2.824102158        0.6042450728       0.01007181113       0.01073873268
               3.222         1.632932598        0.7337916109         2.813584588        0.6213503029       0.01033337569       0.01092200441
               3.234         1.635738784        0.7240311403         2.697859051        0.6655852191       0.01035228397        0.0111746222
               3.246         1.630796123        0.7182320709         2.653017679        0.6864856378       0.01143635876        0.0105306945
               3.258          1.62492352        0.7049040901         2.529019796        0.7094354236       0.01079977996       0.01076845242
                3.27          1.61660764        0.7116667401         2.583943454        0.7389785465       0.01090062412       0.01108546298
               3.282         1.611007059        0.7038210856         2.494630929        0.7674555799       0.01052876126       0.01118452878
               3.294         1.604499853        0.6980891108         2.453256642        0.7879179524       0.01019786634       0.01062480701
               3.306         1.591229572        0.6959514763         2.160905403        0.8214159569       0.01044052261       0.01032513296
               3.318         1.583518465         0.708991468         2.096617584        0.9000825804       0.01097310587        0.0104043856
                3.33         1.563001207        0.7169261287         1.969070452        0.9015035759       0.01138593668       0.01057279746
               3.342         1.549168603        0.7085589738         1.859215004        0.9212925871       0.01041846295       0.01049106818
               3.354         1.531036357        0.7157257683         1.749227398        0.9372377382       0.01158762501       0.01028798329
               3.366         1.517626417        0.7197019996         1.763943855        0.9604266796       0.01046888504        0.0105529843
               3.378         1.499562376        0.7244453121         1.727017771        0.9854721036        0.0102041691       0.00996106615
                3.39         1.479379247         0.712977963         1.609065578         1.028726027        0.0111117666      0.009978402665
               3.402         1.460085372         0.719660345         1.468659082         1.060456226       0.01056657782          0.01028303
               3.414         1.441403348        0.7264192272         1.479752239         1.079308518      0.009403718528       0.01041181554
               3.426         1.419643765        0.7352978376          1.42916529         1.113582445      0.009863820038       0.01015176781
               3.438         1.396627244         0.731057526         1.321105228         1.154086997        0.0095991041       0.01015424446
                3.45         1.380001793          0.74278174         1.349828673         1.176390736      0.009561287538       0.01017158097
               3.462         1.355631137        0.7650509977         1.207656221         1.191052331      0.009696796887       0.01016415104
               3.474         1.337697047         0.762427065         1.260448226         1.212848882       0.01016320116       0.00994125299
               3.486         1.321027491        0.7510663795         1.221871798         1.277332027       0.01032392155      0.009681205266
               3.498         1.300069753        0.7594013439          1.14172489         1.293738024      0.009756673111      0.009819897386
                3.51         1.285710452        0.7586414018         1.196389346         1.277584447      0.009882728319       0.01002298227
               3.522         1.265681437        0.7524416215         1.102474163          1.36579308      0.009466746132      0.009743121391
               3.534         1.247260142        0.7664951325         1.002581299         1.377991588      0.008864832513       0.01008985169
               3.546         1.231587694        0.7712039626         1.039488431         1.410357476      0.008341703399      0.009993262535
               3.558         1.217184205        0.7782140548         1.022008546         1.377908979      0.009514016835      0.009592046047
                3.57         1.200266148        0.7805654239        0.8831550422         1.371576006      0.009413172668       0.00865587424
               3.582         1.188695774        0.7800120525        0.8427119911         1.415342544      0.007774454962      0.008953071639
               3.594         1.171488055         0.803694952        0.8296987464         1.403133768      0.007780757723      0.008938211769
               3.606         1.159541997        0.8096524324         0.830715639         1.390035601      0.007052788896      0.008918398609
               3.618         1.146962613        0.8182289341        0.8175114208         1.383870684      0.008319643738       0.00884905255
                3.63         1.137194467          0.80765008        0.7708349779         1.420245324       0.00757591801      0.008987744669
               3.642         1.125472362        0.8136279147        0.8283770997         1.428905487      0.008458304467      0.009101670339
               3.654         1.112270685        0.8165005753         0.783198935         1.435831592      0.008310189597      0.009071950599
               3.666         1.099566884         0.816447649        0.8104588746         1.429704736      0.008622176237      0.008536995281
               3.678         1.090627397        0.8365219047        0.7608500514         1.413231405      0.008726171784      0.008539471926
                3.69         1.082308141        0.8496801581        0.7434376596         1.469044508      0.009331236783      0.008524612056
               3.702         1.073376045        0.8541807887        0.7289452346         1.452178946      0.009993026626      0.008153115307
               3.714         1.064698432        0.8546423417        0.7005818705          1.41453289       0.00851187793      0.008341340327
               3.726         1.058373322        0.8575072202        0.6997079077         1.422159667      0.008171528868       0.00874503346
               3.738         1.057524018        0.8645317176        0.7117438855         1.409055398      0.008760836966       0.00883419268
                3.75          1.05241995        0.8834589125        0.7351215799          1.40703327      0.008770291107      0.008856482485
               3.762         1.046908526        0.8889975434        0.7040039898         1.369667416      0.008581208295      0.008497368961
               3.774         1.038877612        0.8793552042        0.7090351345         1.374850051      0.008117955405      0.008415639676
               3.786         1.036341198        0.8831100756        0.6625264866         1.366703842      0.008883740794      0.007940123838
               3.798         1.030810118        0.8973521477        0.7137145874         1.347412204      0.008259767514      0.007937647193
                3.81          1.02565011        0.9110087622        0.7362787753         1.358496489      0.008089592983      0.008264564332
               3.822         1.016969354        0.9135258955        0.7082305277           1.3351753      0.007834331186      0.008219984722
               3.834         1.011753674        0.9212485297        0.6983888351         1.302010511      0.007279688271      0.008049096218
               3.846         1.011126162        0.9255769769        0.7003159643         1.286364186      0.007566463869      0.007811338299
               3.858         1.008517409        0.9223295099        0.7282330649         1.247444522      0.007692519077      0.007620636634
                3.87         1.005475792        0.9323103723        0.6702197061         1.232899533      0.006914128167      0.007476991225
               3.882         1.002045807        0.9405964777        0.7594010267         1.214108458       0.00665256361      0.007363065556
               3.894        0.9974404046        0.9570068219        0.7346040628         1.217048894      0.007245023088      0.007618159989
               3.906        0.9959092143        0.9573137742        0.7419235581         1.197756105      0.007850088087      0.007358112266
               3.918        0.9961984721        0.9634101303        0.7363487027         1.177812221      0.007490830744       0.00750918761
                3.93         0.991596663        0.9582992425        0.7055737165         1.185662772      0.007352170015       0.00752900077
               3.942        0.9900232358        0.9743572819        0.7497785151         1.175637685      0.007308050692       0.00748937445
               3.954        0.9904589508        0.9712969116        0.7620365593         1.175131656      0.008370065821      0.007667692889
               3.966        0.9877384009        0.9813494836        0.7405628105         1.180345782      0.007648399754      0.007313532656
               3.978        0.9861012102        0.9912153557        0.7288914955         1.184050448      0.006879462985      0.007303626076
                3.99        0.9839658073         1.002966169        0.7148469314         1.197606115      0.007572766629      0.007360588911
               4.002        0.9840472036         1.013296168        0.7335948063           1.1997953      0.007150481682      0.007452224775
               4.014        0.9809104896         1.012730854        0.8272013759          1.17674048      0.007664156655       0.00747946787
               4.026         0.979100654         1.018577638        0.8180213082         1.171618672      0.007402592098       0.00755376722
               4.038        0.9799270831         1.025127544        0.8144684443         1.151646989      0.007326958974      0.007761805399
                4.05         0.976674636         1.029717868        0.8091638144         1.129868985      0.006933036448      0.007360588911
               4.062        0.9772557666         1.038156926         0.822883573         1.122881483      0.006747105016      0.007313532656
               4.074         0.979029884          1.03379092        0.8319515866         1.129225602      0.007090605458      0.007422505035
               4.086        0.9753614488         1.038514711        0.7840020684         1.138336674      0.007714578739       0.00742993497
               4.098        0.9737342649         1.046952525        0.7468691373         1.170547917      0.007478225223      0.007263999756
                4.11        0.9726592054         1.062061059        0.7787995643         1.138746963      0.007106362359      0.007576057025
               4.122        0.9694421528         1.070422147        0.7905129502          1.15430195      0.007522344546      0.007254093176
               4.134        0.9686562474         1.068056443        0.8311111784         1.129755369      0.007065394417      0.007298672786
               4.146        0.9642258452         1.084008139        0.8635086514         1.140050616      0.007156784443      0.007199606986
               4.158        0.9650704072         1.093755637        0.8718838788         1.141537104      0.007569615249      0.007112924412
                4.17        0.9635786185         1.096567071        0.8741974641         1.146115754      0.008036019519      0.006946989197
               4.182        0.9606021704         1.108628774        0.8823871453         1.169511917      0.007626340093      0.007026241837
               4.194        0.9628913948         1.115357879        0.8462697991         1.153551721      0.007285991031      0.007546337285
               4.206        0.9616367292         1.104083838        0.8709959277         1.134904544      0.007563312489      0.007422505035
               4.218        0.9558130727         1.117212856        0.9219740271         1.130767886      0.007166238583      0.006823156948
                4.23        0.9552619778         1.127039985        0.8764145613         1.144825789      0.007932023973      0.006632455283
               4.242        0.9569276909         1.122418607        0.9136354049         1.119778448      0.007676762176      0.006540819419
               4.254        0.9523290362         1.127997361         0.851744322         1.114349604      0.007550706968      0.006942035907
               4.266        0.9494760223         1.139267546        0.8899706124         1.143518924      0.007594826291      0.006382314139
               4.278        0.9514900619         1.148594056        0.9318147578         1.132473172      0.005905686502      0.006436800329
                4.29        0.9498578024          1.15582586        0.8804732828         1.121388766      0.005871021319      0.006483856584
               4.302        0.9522637992         1.150228757        0.9032388008         1.124245565      0.006561173584      0.006459090134
               4.314        0.9523573519         1.150686727        0.9559635875          1.14565927      0.006920430927      0.006107406546
               4.326        0.9514821041         1.159313935        0.9652712432          1.12690597      0.006882614365      0.006010817391
               4.338         0.950595238         1.168718976         0.995611648         1.090999168      0.006870008844      0.005934041396
                4.35        0.9480098383         1.177815769         1.002465967         1.109106807      0.007251325849       0.00620894899
               4.362        0.9515401348         1.179459175        0.9973762885         1.084047061      0.007462468322      0.006513576324
               4.374        0.9481038835         1.176377797        0.9790130521         1.084972249      0.007304899312      0.006416987169
               4.386        0.9491168126         1.176653461        0.9898013326          1.10221606      0.007024426474      0.006538342774
               4.398        0.9532194534         1.188335959         1.016096031         1.103617196      0.006781770198       0.00628820163
                4.41         0.951235402         1.182163491         1.109216263          1.10901161      0.007147330302      0.006221332215
               4.422        0.9477112438         1.181502712         1.107139434         1.104968307      0.006636806709      0.006176752605
               4.434        0.9487056988         1.189726398         1.095081622         1.103179341      0.006510751501      0.006550725999
               4.446        0.9494518999         1.181505956         1.088104356         1.085016964      0.006728196735      0.006226285505
               4.458         0.950403089         1.185783947         1.106420154         1.085058114      0.006312214548      0.006966802357
                4.47        0.9458846671         1.194543635         1.109252214         1.075787404      0.006580081865      0.006820680303
               4.482        0.9461686465         1.192248308         1.130662349         1.095263108      0.006564324964      0.006833063528
               4.494        0.9471107458         1.189017815         1.103085474         1.071488039      0.005269107701      0.006679511538
               4.506        0.9509998569          1.19619722         1.048603778         1.083169544      0.005763874393      0.006181705895
               4.518        0.9526781558         1.205590486          1.01860276         1.055779941      0.005587397101      0.006033107196
                4.53        0.9540123543         1.199942376         1.046314746          1.07443801      0.005448736372      0.006040537131
               4.542        0.9504877542         1.190515194          1.12516805         1.048446201      0.005763874393      0.006511099679
               4.554          0.95130864         1.183928466         1.099159062         1.023480726       0.00571975507      0.006151986155
               4.566        0.9492946739          1.18578628         1.174842954         1.052853248      0.005114690071      0.006587875674
               4.578        0.9531216031         1.180040198         1.126026029         1.074750951      0.005807993715       0.00620894899
                4.59        0.9509412347          1.18785191         1.195082695           1.0830555      0.004695556503       0.00629810821
               4.602        0.9528941851         1.182484539         1.170942129         1.068205927      0.005934048924      0.006766194113
               4.614        0.9527446074         1.179693132         1.166853522         1.071817652      0.005341589445      0.006659698378
               4.626        0.9531948562          1.17199838         1.133901524         1.067752102      0.005603154002      0.007093111252
               4.638        0.9582856506         1.171795815         1.126314672         1.055696432      0.005527520877      0.006597782254
                4.65        0.9555208239         1.172896477          1.18837023         1.073693239      0.006233430043        0.0063525944
               4.662        0.9556358559         1.184318356         1.227919745          1.08679077      0.005612608143      0.006156939445
               4.674        0.9591369663         1.172307004         1.213849434          1.06822151      0.005303772883      0.006067780226
               4.686        0.9589512033         1.170161988         1.246187359         1.024029359      0.005637819184      0.005995957521
               4.698        0.9612126523         1.166974022         1.186812237          1.01784297      0.005596851242      0.005889461786
                4.71        0.9636360831         1.162447752         1.144052765         1.016550386      0.005313227023      0.005889461786
               4.722        0.9620775149          1.16054394         1.157047575         1.019958322      0.005269107701      0.005953854556
               4.734        0.9613624118         1.158618158         1.148939546         1.017043559      0.005600002622      0.005849835467
               4.746        0.9645885502         1.151087437         1.180361817        0.9993612247      0.005467644653      0.005834975597
               4.758        0.9661709133         1.154750671         1.193520184         0.984246857      0.005546429158      0.005901845011
                4.77        0.9704564349         1.146930237         1.208630493        0.9976099527      0.005817447856      0.006018247326
               4.782        0.9728091074         1.140429769         1.271844265         1.027013374      0.006079012413      0.006211425635
               4.794        0.9739284919         1.136296333         1.235467165         1.011429782      0.005943503064       0.00613464964
               4.806        0.9753026575         1.127171762         1.237231801         1.010118777      0.006167251059      0.005864695337
               4.818        0.9750072362          1.12342551         1.301374668         1.012237451       0.00525965356      0.006013294036
                4.83        0.9754573548         1.113322322         1.331881357          1.01767792      0.005634667804      0.006085116741
               4.842        0.9787599549         1.103560459         1.365125758         1.008056303      0.005703998169      0.006075210161
               4.854        0.9831540135         1.087464027         1.340253098         1.011355596      0.006107374835      0.006005864101
               4.866         0.985742573         1.084262934         1.371751988          1.01130429      0.005984471007      0.005641797287
               4.878        0.9869344154         1.084018376         1.310036079          1.00187429      0.005161960774      0.005971191071
                4.89        0.9921802164         1.079070931         1.293294621        0.9906381581      0.005445584992      0.005998434166
               4.902        0.9929188308         1.064536375         1.264444331        0.9976091441      0.005612608143       0.00618913583
               4.914        0.9931195113          1.05839469         1.274429201         1.008950589      0.005357346346       0.00634268782
               4.926        0.9945335908         1.058156379          1.31470086         1.001197794      0.004320542259      0.006392220719
               4.938        0.9984967073         1.055569158         1.297763484        0.9940524419      0.004446597467      0.006295631565
                4.95          1.00393356         1.046675861         1.258558451         0.975160803      0.004935061399      0.005971191071
               4.962         1.006903664         1.040528102         1.258297937         0.982196591      0.005404617049      0.005886985141
               4.974         1.007890212         1.035030049         1.258347028        0.9747819093       0.00448756541      0.005669040382
               4.986         1.008403266         1.022328523         1.270548623        0.9732440879      0.004497019551      0.005832498952
               4.998         1.012475042         1.008276783         1.275289419        0.9766490561      0.004408780905      0.005510535103
                5.01         1.014387061         1.006204389         1.265593334        0.9908458332      0.005514915356      0.005547684778
               5.022         1.015577063         1.000409551         1.239036732        0.9806454425      0.005089479029      0.005634367352
               5.034         1.017295993         1.000761399         1.269260548        0.9681750256      0.005401465669      0.005468432138
               5.046         1.019218682        0.9958914081         1.255415086        0.9765497442      0.004887790696      0.005567497938
               5.058         1.020305015        0.9936969519         1.310553918        0.9605646656      0.005492855695      0.005641797287
                5.07         1.020740472        0.9757595496         1.270809169        0.9507068838      0.004805854811      0.005423852528
               5.082           1.0234582         0.975546955         1.296458283        0.9869582771      0.005136749732      0.005270300539
               5.094         1.025146497        0.9732999065         1.338519474        0.9864551084       0.00479009791      0.005176188029
               5.106         1.027692109        0.9690438343         1.268015303        0.9601966749      0.004846822753       0.00504740249
               5.118         1.028581829        0.9647783404         1.213655521        0.9604096481      0.004430840566      0.005183617964
                5.13         1.030300998        0.9615983679         1.219377468        0.9534011359      0.004601015097      0.005183617964
               5.142         1.032211166        0.9707732304         1.217405868        0.9502609978      0.004922455878      0.004851747536
               5.154         1.031717276        0.9565831304          1.19995672        0.9462407399      0.004566349915      0.004720485351
               5.166         1.034150647        0.9553352958         1.209898733        0.9537310868      0.004594712337      0.004881467275
               5.178         1.037262791        0.9462281419         1.203307716        0.9728197097      0.004711313405      0.004819551151
                5.19         1.035879629        0.9378703824         1.196173607        0.9709367664      0.005152506633      0.004891373855
               5.202         1.033569005        0.9253150419         1.237138563        0.9401841253      0.005429828091      0.004539690267
               5.214         1.034752132        0.9248253947         1.245310133         0.951429044       0.00556848882      0.004448054402
               5.226         1.035403058        0.9129371576         1.174309705         0.953088294      0.005354194966      0.004348988603
               5.238         1.038005139        0.9054554677         1.175318168         0.960573332      0.005823750616      0.004366325118
                5.25         1.040675018        0.9042609854         1.215197636        0.9624446144      0.005751268872      0.004029501399
               5.262         1.038804246        0.9037737639         1.174683507        0.9811070111      0.005656727466      0.004034454689
               5.274         1.039582734        0.8968553603         1.173255214        0.9894779827      0.005187171815       0.00384622967
               5.286         1.039001931        0.8891945236         1.217979171        0.9832337698      0.004386721244      0.003774406965
               5.298         1.037963314        0.8889793166         1.239504126        0.9619107865      0.004311088119       0.00370258426
                5.31          1.03811621        0.8841323691         1.218098496        0.9730954496      0.004084188744      0.003618378331
               5.322         1.034848213        0.8815327129         1.188348102        0.9593440078      0.003825775567      0.003814033285
               5.334         1.034906864        0.8767743613          1.13693662        0.9622600317      0.003914014213      0.003650574715
               5.346         1.037804667        0.8729310654         1.164704368         0.966115078      0.004405629525       0.00372735071
               5.358         1.035185838        0.8725698313         1.181583157        0.9838824081      0.004572652676       0.00362333162
                5.37         1.033006506        0.8604515895         1.160849872        0.9706567298      0.004415083665      0.003492069436
               5.382         1.035160597        0.8648370581         1.145602591        0.9863486248      0.004194487051        0.0036332382
               5.394         1.034757853        0.8617489773         1.093453325         0.980368911      0.003970739057      0.003685247745
               5.406         1.035775222        0.8557369267         1.070536571        0.9929996166      0.003973890437      0.003232021712
               5.418         1.032689343        0.8593108922         1.071765494        0.9920406762      0.004030615281      0.003167628942
                5.43         1.032364633        0.8512345609         1.045795563         1.007369033      0.003810018666      0.003199825327
               5.442          1.02844608        0.8457012592         1.037156747        0.9995266648       0.00402116114      0.003427676666
               5.454         1.024415346        0.8465770719         1.070419306         1.000306841      0.004500170931      0.003454919761
               5.466         1.022050933        0.8449362626         1.076470547        0.9968076415      0.004393024004      0.003254311517
               5.478         1.021799154        0.8474532998         1.109427172         1.015523318      0.003999101478      0.003120572687
                5.49         1.019732981        0.8460471511         1.084070227          1.00100865      0.004162973249      0.003207255262
               5.502         1.017492833        0.8407050282         1.064884039         1.005412163       0.00325222437      0.003006647018
               5.514          1.01480745        0.8472757274        0.9763867843        0.9904373986      0.003104109501      0.002927394378
               5.526         1.012892975        0.8425434167         0.978754653         1.003649292      0.003110412261      0.002761459164
               5.538         1.010436924        0.8461881217         1.019852076        0.9999533671      0.003649298276      0.002910057863
                5.55         1.012010549        0.8466978041         1.036379279         1.003860521      0.003072595699      0.002721832844
               5.562          1.01017052        0.8474157692         1.008839707        0.9907848898      0.002716489736      0.002714402909
               5.574         1.011234513        0.8446385537         1.010649576        0.9916048866      0.002823636663      0.002513794665
               5.586         1.009991511        0.8477326682         1.026890661          1.00750253      0.002798425621       0.00241720551
               5.598         1.003317446        0.8511392682        0.9964987036        0.9974724256      0.002858301845      0.002360242676
                5.61        0.9995583793        0.8526970062        0.9840621334        0.9934626584      0.002001126429      0.002231457136
               5.622         1.001670089        0.8527759028        0.9519942754         1.005554447      0.002038942992      0.002186877526
               5.634         1.000967001        0.8544200604        0.9574728302         1.000815738      0.002048397132      0.002169541011
               5.646        0.9978528804        0.8523800818        0.9668916773         1.020996325      0.001777378435      0.002107624887
               5.658        0.9961822976        0.8596249551        0.9957001161         1.006350867      0.001881373982      0.002172017656
                5.67        0.9937347882        0.8667721034        0.9722593767         0.999619647      0.001931796065      0.002030848892
               5.682        0.9918867451        0.8669502128        0.9401314246        0.9988125888      0.002272145127      0.002008559087
               5.694        0.9912347219        0.8647834222        0.9456664753        0.9998448575      0.002372989293      0.001753464653
               5.706        0.9907960814         0.864994453        0.9346028893         1.020704036      0.001934947445      0.001669258723
               5.718        0.9873490131        0.8725747504        0.9753194116         1.025878905      0.001843557419      0.001679165303
                5.73        0.9855518753        0.8770977083        0.9830376207         1.020980416      0.002023186091      0.001689071883
               5.742        0.9822116015        0.8780393567         1.012894756         1.027662449       0.00170489669      0.001567716279
               5.754        0.9817935323        0.8815784306        0.9323786422          1.02903058      0.001805740857        0.0013596781
               5.766        0.9794987124        0.8846497505         0.849729999         1.024233112      0.001619809425      0.001379491259
               5.778        0.9785391033        0.8868402101        0.8726703865         1.021175361      0.001878222601       0.00136958468
                5.79        0.9735185535         0.891035166        0.8556015069         1.028660961      0.001663928748      0.001287855395
               5.802        0.9727368414        0.8932911328        0.8710620738         1.011877601      0.001273157602      0.001424070869
               5.814        0.9711253258        0.8915960533        0.8888212476          1.01771328      0.001162859295       0.00135472481
               5.826        0.9699084489        0.8951536856        0.9529403604        0.9959360288      0.001263703462      0.001302715265
               5.838        0.9703017028        0.8959929632        0.9162507821         1.035132161      0.001046258228      0.001057527411
                5.85        0.9683710937        0.8997764208        0.8532598141         1.056786121      0.001039955467      0.001050097476
               5.862        0.9682088085        0.9074533449        0.8150996965          1.05207781     0.0007815422905     0.0009312185163
               5.874        0.9655813569        0.9174550241        0.8328437883          1.05416645      0.001002138905     0.0009634149011
               5.886        0.9632292422        0.9207908108        0.8385653624         1.049412969     0.0008004505717     0.0008271994267
               5.898        0.9624864404         0.916338267        0.8051034379         1.073903487     0.0006870008844      0.000738040207
                5.91         0.963200782        0.9228994032        0.7963676403         1.092451097     0.0004411932285     0.0006166846025
               5.922         0.960036772        0.9311364642        0.7895118056         1.062492984     0.0004033766661     0.0005770582827
               5.934        0.9593986728        0.9283144361        0.8097570429          1.03160003     0.0004380418483     0.0004779924831
               5.946        0.9573748269        0.9298676538        0.8321591443         1.022524555     0.0004254363275     0.0004111230684
               5.958         0.959415477        0.9329764882        0.8251477476          1.01056119     0.0004222849473     0.0003095806238
                5.97        0.9583441716        0.9478416548        0.8548889156          1.02183905     0.0003844683848     0.0001535519894
               5.982        0.9588973782        0.9470298743        0.8348529495          1.03661464     0.0002048397132     0.0001238322495
               5.994        0.9562205862        0.9491359511        0.8093575725         1.015555797     3.781656244e-05     2.724309489e-05
